X[m]	Nd[m^-3]	ux[m/s]	uy[m/s]	uz[m/s]	u2x[(m/s)^2]	u2y[(m/s)^2]	u2z[(m/s)^2]	Ttrx[K]	Ttry[K]	Ttrz[K]	Ttr[K]
0	1.94261e+24	-15.4197	13.2386	0.794855	96454.4	106500	101673	381.175	425.756	333.312	380.081
1.44727e-07	1.99759e+24	36.258	-60.2936	-11.7908	105193	104267	115284	419.865	365.824	375.067	386.919
2.89454e-07	2.16253e+24	-42.0096	8.69564	-27.8049	111307	90217.7	113532	364.274	370.15	445.261	393.228
4.3418e-07	1.83266e+24	13.4586	28.5939	28.8356	99411.8	94289.1	95242.9	352.928	358.544	366.007	359.16
5.78907e-07	2.08923e+24	-3.14985	24.3769	-17.243	108167	103108	109424	399.408	417.164	388.609	401.727
7.23634e-07	2.39162e+24	16.4187	-22.9751	-31.3409	121096	92099.7	88477.4	473.404	337.299	350.57	387.091
8.68361e-07	2.29998e+24	39.149	-20.9596	-4.48332	117270	105572	113735	426.857	352.359	411.776	396.997
1.01309e-06	2.20835e+24	-47.5054	15.0406	19.6119	117681	107477	99110	431.565	429.293	401.343	420.734
1.15781e-06	2.14421e+24	-39.6459	-37.5406	-37.725	119412	98384.8	98271.2	430.363	359.323	371.757	387.148
1.30254e-06	2.3458e+24	4.04096	-4.20596	-9.88323	101368	104534	112170	371.977	403.184	383.035	386.065
1.44727e-06	2.25417e+24	29.3554	-21.5053	4.99481	98407.1	98666.3	89105.7	391.887	347.095	334.012	357.665
1.59199e-06	2.21751e+24	33.664	7.31509	-9.29059	104810	108282	80501.7	413.167	425.731	304.204	381.034
1.73672e-06	2.28166e+24	-25.9472	-4.31905	29.1197	93596.7	107306	108941	351.277	364.191	428.252	381.24
1.88145e-06	2.04341e+24	4.49098	-3.97807	32.7825	98658.5	89359.9	89187.8	336.983	298.52	341.651	325.718
2.02617e-06	2.08006e+24	-16.9117	-19.9165	-38.7786	73946	124602	113635	270.933	445.505	406.405	374.281
2.1709e-06	2.19002e+24	9.6905	14.43	8.17136	102869	110398	84295.4	389.767	398.323	321.831	369.974
2.31563e-06	2.02508e+24	-11.4161	36.1569	9.14123	103992	93355.6	112151	366.295	362.454	400.033	376.261
2.46036e-06	2.01592e+24	-6.79861	-10.7886	-4.35419	92615.2	96161.1	101523	376.845	356.135	390.706	374.562
2.60508e-06	2.27249e+24	-43.6358	-0.195819	3.47994	94398.7	85808.7	99630	365.604	319.87	358.871	348.115
2.74981e-06	2.15337e+24	4.21551	-20.5987	-33.056	113329	98446.2	115051	460.03	363.216	422.433	415.226
2.89454e-06	1.94261e+24	51.7973	42.4379	4.05736	95044	101956	106856	300.263	331.194	318.704	316.72
3.03926e-06	2.43743e+24	26.2021	-2.38212	-20.5333	94420	104069	105852	391.647	388.549	409.435	396.544
3.18399e-06	1.98843e+24	4.67028	-15.1417	14.3796	111704	110694	93810.1	367.212	455.243	350.923	391.126
3.32872e-06	2.23584e+24	10.6281	25.6348	-56.6473	87818.9	105984	96177.7	310.947	354.916	364.298	343.387
3.47344e-06	2.29998e+24	34.9563	-11.82	-54.6301	118548	92404.1	101311	470.507	386.147	359.419	405.358
3.61817e-06	2.0709e+24	1.5555	17.8796	-8.6651	103729	99478.9	96513.5	386.14	388.229	335.613	369.994
3.7629e-06	2.245e+24	1.26442	4.46747	3.40423	102859	104234	122024	438.718	395.635	514.599	449.651
3.90762e-06	2.40994e+24	-12.1651	12.631	3.13149	105472	110463	104434	424.477	424.648	430.395	426.506
4.05235e-06	2.19002e+24	-68.4548	-15.7566	14.9684	124296	100892	102989	429.495	396.246	404.668	410.136
4.19708e-06	1.97927e+24	-41.1836	-12.8088	21.9014	86342	98737.7	99552.1	281.596	365.652	396.559	347.936
4.3418e-06	2.38245e+24	-18.2028	31.5167	-19.4323	100264	88022.2	96292.3	386.616	349.63	387.899	374.715
4.48653e-06	2.01592e+24	5.34701	-1.37069	8.43452	116027	96418.2	104081	393.398	407.598	374.23	391.742
4.63126e-06	2.35496e+24	10.4173	-26.4541	32.4792	124226	93708.1	111548	477.617	350.973	415.803	414.798
4.77598e-06	2.40994e+24	-1.38669	-45.3839	-6.20002	110331	95483.4	122357	424.945	370.805	522.428	439.393
4.92071e-06	2.19002e+24	26.1505	0.680468	7.81868	100973	91404.4	107778	370.315	364.148	394.964	376.476
5.06544e-06	2.09839e+24	-8.91163	-74.2071	19.136	104400	119053	97194.7	367.04	416.365	374.163	385.856
5.21016e-06	2.3458e+24	-27.2053	-22.6225	-19.8745	96495.7	87068.8	85875.1	384.502	315.071	354.464	351.346
5.35489e-06	2.19919e+24	22.3961	-32.1274	-25.5035	87273.6	94615.5	106255	365.973	344.65	394.761	368.461
5.49962e-06	2.42827e+24	-15.3694	-13.8973	10.9597	109819	122006	100370	447.743	493.512	395.833	445.696
5.64434e-06	2.5199e+24	-4.70581	-29.8717	23.9034	108522	87513	96048.8	423.981	356.909	411.674	397.522
5.78907e-06	2.3458e+24	-11.7867	-19.2504	-5.96725	102539	111660	93112.9	384.218	434.651	347.472	388.78
5.9338e-06	2.21751e+24	-1.3959	-16.8883	26.6731	104204	97283.1	110440	410.912	401.135	448.627	420.225
6.07852e-06	2.47409e+24	29.8302	40.4218	52.4999	91537.8	115257	112810	327.849	380.388	311.782	340.007
6.22325e-06	2.40078e+24	-1.49961	18.1999	13.2062	109108	100108	93636.7	424.997	384.595	346.039	385.21
6.36798e-06	2.32747e+24	-14.0091	21.1362	-2.64901	105454	110816	91399	412.244	419.293	345.497	392.345
6.5127e-06	2.27249e+24	2.163	-25.8961	-14.8765	91067.6	84275.3	95168.3	332.438	326.485	358.07	338.998
6.65743e-06	2.04341e+24	46.8796	9.26046	-20.8639	114412	109663	95177.6	474.444	356.406	364.042	398.297
6.80216e-06	2.13504e+24	9.34677	25.9024	-13.2328	85999.8	86358.4	99948.6	344.302	319.546	387.631	350.493
6.94689e-06	2.28166e+24	5.03416	-2.46386	21.2563	79802.1	107500	114461	307.172	360.038	389.261	352.157
7.09161e-06	2.20835e+24	-9.78148	-4.39165	-17.5979	98761.2	96309.9	91745.9	393.29	283.582	303.965	326.946
7.23634e-06	2.19919e+24	5.14494	23.1594	13.897	91811.4	102282	106799	355.804	382.211	366.529	368.181
7.38107e-06	2.29998e+24	22.0265	10.4568	7.75632	101073	116502	82462.1	383.157	422.482	320.599	375.413
7.52579e-06	2.30915e+24	-43.7801	-28.3198	2.82102	99489.2	109307	106516	392.257	400.734	450.475	414.489
7.67052e-06	2.28166e+24	35.9492	55.6906	-10.032	100367	88186	98520.5	383.168	298.951	397.494	359.871
7.81525e-06	2.22668e+24	-1.09362	41.0145	-28.7762	101398	108041	105410	362.482	432.941	396.27	397.231
7.95997e-06	2.11672e+24	11.4813	-24.0777	-9.8458	123195	103447	118521	388.24	369.736	472.825	410.267
8.1047e-06	2.09839e+24	1.73418	-11.3887	35.694	89804.8	102376	132239	377.379	367.133	384.477	376.33
8.24943e-06	2.40994e+24	6.69874	-12.9146	14.1229	87842.8	95993.5	109968	348.611	390.009	431.47	390.03
8.39415e-06	2.23584e+24	-14.4602	-36.2667	18.823	93151.2	113169	82806.3	391.99	425.637	318.054	378.561
8.53888e-06	2.27249e+24	-8.80537	-10.8672	-21.2665	118091	95664.5	108850	484.327	369.989	425.119	426.478
8.68361e-06	1.94261e+24	9.15627	-25.297	48.2243	100790	121111	118530	363.168	378.842	459.921	400.644
8.82833e-06	2.65735e+24	18.643	18.1528	-59.4876	102971	78793.7	99431.1	399.401	305.979	358.442	354.608
8.97306e-06	2.29998e+24	21.4734	-28.0713	-19.3302	92434.8	87027.5	92392.8	382.31	342.898	376.609	367.272
9.11779e-06	2.31831e+24	-8.67955	-5.2714	-34.0487	96517.9	82403.5	100859	368.499	316.203	364.466	349.723
9.26251e-06	2.54739e+24	-36.2515	0.686426	20.0983	83861.4	75328.4	93703.9	338.57	296.613	384.408	339.863
9.40724e-06	2.19919e+24	-23.3088	-17.4588	9.0403	91108.5	87419.7	93000.5	326.434	336.408	359.938	340.926
9.55197e-06	2.50157e+24	4.8529	17.2627	13.8515	114002	99445.2	91938.5	481.846	388.807	364.912	411.855
9.69669e-06	1.9701e+24	-14.5945	-20.3812	-19.3924	101288	90384.7	82122.9	372.366	258.353	273.788	301.502
9.84142e-06	2.13504e+24	2.26326	-28.4136	19.6529	85346.3	101401	103019	334.458	390.527	412.605	379.197
9.98615e-06	2.15337e+24	23.5686	36.8953	12.6161	95376.7	87631.7	78335.4	367.176	328.419	296.134	330.576
1.01309e-05	2.02508e+24	-2.49655	-22.0512	-22.9538	103213	93623.4	106163	412.605	357.886	402.811	391.101
1.02756e-05	2.26333e+24	42.2933	24.8795	-38.0711	87256.7	95469.4	94962.6	322.137	375.514	409.726	369.126
1.04203e-05	2.28166e+24	35.8195	-45.6394	-9.79432	85452.7	86680.8	98415.4	318.783	355.925	402.497	359.068
1.05651e-05	2.26333e+24	-1.89164	-28.0544	-29.1141	107993	109676	104478	408.514	388.794	349.34	382.216
1.07098e-05	2.43743e+24	-10.4659	16.9452	6.81893	98902.3	92643.8	92333.1	426.713	371.35	355.173	384.412
1.08545e-05	2.40078e+24	-25.1952	-21.323	-12.3642	91621.6	95756.7	90865.6	377.77	378.087	375.104	376.987
1.09992e-05	2.19002e+24	13.513	-8.43099	-60.8207	85427.6	90393.5	101869	328.387	329.98	345.75	334.706
1.1144e-05	2.18086e+24	18.4506	16.5373	-17.8364	98565.1	83461.7	97315.1	397.004	300.552	308.298	335.284
1.12887e-05	2.26333e+24	-63.7864	0.0230453	2.54071	119822	92240.4	90997.2	345.561	315.527	341.238	334.109
1.14334e-05	2.47409e+24	14.4107	49.0298	-11.8837	76917	98688.8	101348	299.956	364.966	370.78	345.234
1.15781e-05	2.46492e+24	-9.29884	1.61692	25.5618	112669	74203.8	110388	433.708	266.814	442.671	381.065
1.17229e-05	1.96094e+24	-24.5206	-45.1606	-37.7337	108396	99301.8	97089.2	308.853	327.628	371.478	335.987
1.18676e-05	2.0709e+24	3.96798	20.5664	2.93584	90793	107505	92523.7	385.326	379.498	394.729	386.518
1.20123e-05	2.27249e+24	-27.7691	43.6677	-3.0097	101910	99755.4	104475	411.166	395.918	390.233	399.105
1.2157e-05	2.245e+24	-11.6348	0.986717	-0.952983	109962	82844.4	110657	388.906	312.225	397.528	366.219
1.23018e-05	2.08923e+24	15.3042	-35.0448	0.704218	81323.2	111043	102692	318.438	419.705	357.657	365.267
1.24465e-05	2.37329e+24	-22.4269	-20.87	21.8959	94150.2	99517.8	96451.8	330.081	401.926	393.324	375.11
1.25912e-05	2.12588e+24	12.0761	21.5207	-80.5615	89083	96294	104429	367.225	366.828	402.222	378.758
1.2736e-05	2.21751e+24	10.9956	19.5553	4.34643	85029.3	86496.2	79524.6	357.469	332.947	295.167	328.527
1.28807e-05	2.28166e+24	-24.2332	42.1769	31.5179	111291	102095	99652.7	460.692	392.5	387.206	413.466
1.30254e-05	2.245e+24	-20.1614	-6.43984	25.2431	129439	98644	90233.7	481.251	359.241	353.179	397.89
1.31701e-05	2.29082e+24	31.3227	-22.2257	3.90222	114794	84366.5	106789	414.743	333.425	432.143	393.437
1.33149e-05	2.39162e+24	7.10151	13.8454	49.7594	107497	84430.7	104058	390.552	337.746	337.968	355.422
1.34596e-05	2.65735e+24	-20.6842	-9.97137	7.30644	84851.8	104968	85887.6	334.014	414.023	357.919	368.652
1.36043e-05	2.27249e+24	3.81432	19.8563	-19.4486	89382	99149.8	109911	360.269	394.745	438.714	397.909
1.3749e-05	2.27249e+24	-0.177066	11.4173	14.3102	87250.2	95815.3	85971.4	337.19	389.633	353.717	360.18
1.38938e-05	2.18086e+24	24.2303	-25.2454	-2.52726	114457	102228	84079.5	439.909	387.282	307.484	378.225
1.40385e-05	2.27249e+24	-13.4813	19.1092	-12.1497	92242.4	91846.2	85060.7	366.274	343.89	320.022	343.395
1.41832e-05	2.39162e+24	3.21512	24.6733	7.52198	96231.9	89560.7	84615.8	362.754	356.9	364.117	361.257
1.4328e-05	2.31831e+24	-21.4824	-0.226341	-18.1861	85951.1	96433.6	81511.4	348.853	397.632	308.047	351.511
1.44727e-05	2.27249e+24	-20.4644	27.379	24.1365	94230	111385	99036.2	380.623	434.565	373.781	396.323
1.46174e-05	2.29082e+24	-9.17762	-15.8888	-4.44357	85873.9	92352	103753	346.485	330.699	400.299	359.161
1.47621e-05	2.48325e+24	-26.0094	-1.37755	1.83389	126001	83271.7	98937.9	415.29	349.458	383.181	382.643
1.49069e-05	2.25417e+24	-13.9435	-27.3645	33.1365	81850.4	87620.8	80991.9	300.048	294.588	297.548	297.394
1.50516e-05	2.66651e+24	-7.75281	-12.7101	21.999	110444	96965.3	93952.8	407.562	385.147	396.552	396.42
1.51963e-05	2.31831e+24	16.3754	-26.9693	18.4469	92010.2	102568	95025.1	340.973	387.204	367.833	365.337
1.5341e-05	2.54739e+24	26.4415	0.637689	-24.1414	95591.7	84993.1	100499	397.634	329.158	404.814	377.202
1.54858e-05	2.29998e+24	-5.28841	3.14869	19.4504	101569	95283.9	83730.8	407.305	358.673	329.522	365.167
1.56305e-05	2.11672e+24	-12.5562	-24.7629	27.4525	73609.8	109923	114998	278.527	387.682	426.067	364.092
1.57752e-05	2.52906e+24	18.2148	5.51822	-13.6745	103725	91883.4	93851	409.608	366.894	393.891	390.131
1.59199e-05	2.41911e+24	32.6566	-15.6094	-5.72567	100820	91901.1	103169	391.705	363.583	445.715	400.334
1.60647e-05	2.49241e+24	3.31144	-3.37973	-16.9654	93832.2	80443.2	93672.6	394.533	341.778	388.985	375.099
1.62094e-05	2.59321e+24	20.023	10.9566	-5.34276	94807.6	92618.7	95917.6	358.866	385.731	379.304	374.634
1.63541e-05	2.28166e+24	-3.76039	18.6798	16.0697	101867	94337.8	101879	425.839	360.096	330.05	371.995
1.64989e-05	2.11672e+24	20.7929	18.0182	-4.24345	93054.8	71162	86005.4	340.849	282.323	322.442	315.205
1.66436e-05	2.13504e+24	26.5299	-12.0295	-14.4515	98843.6	80222.5	87241.7	339.987	316.463	351.429	335.959
1.67883e-05	2.30915e+24	16.6848	-2.30711	-10.416	99178.1	106325	99055.3	355.622	412.274	379.626	382.507
1.6933e-05	2.245e+24	1.72602	32.3731	28.7597	102960	94438.1	73204.5	367.48	357.798	301.002	342.093
1.70778e-05	2.55655e+24	61.6711	25.1789	-22.1196	95237.8	97671.6	85469.3	350.095	329.497	374.767	351.453
1.72225e-05	2.245e+24	0.523596	-13.7935	16.7206	90856.5	91918.2	80505.2	368.195	370.534	293.752	344.16
1.73672e-05	2.3458e+24	-18.382	-12.5807	-3.54988	77180.7	77324.7	133735	313.844	310.203	442.254	355.434
1.75119e-05	2.55655e+24	18.2504	-31.7116	16.6851	89235.5	81009.2	108003	350.937	332.133	438.366	373.812
1.76567e-05	2.19919e+24	50.9757	16.9444	10.0611	88079.5	86076.6	98304	335.216	313.11	304.501	317.609
1.78014e-05	2.62986e+24	10.642	-3.6983	12.4621	94548.3	88095.1	94782.7	383.278	368.625	393.364	381.755
1.79461e-05	2.50157e+24	15.8486	-3.95476	0.300741	95025.2	94159	110250	351.932	384.285	413.186	383.134
1.80908e-05	2.13504e+24	-41.2535	-19.2764	17.8757	96384.9	112496	87640.7	360.661	425.031	342.046	375.913
1.82356e-05	2.32747e+24	45.3051	24.8815	-18.0289	96715.1	94958.8	92499.8	397.839	347.712	376.75	374.101
1.83803e-05	2.49241e+24	-6.29081	1.24025	-31.9043	89099.1	93218.3	77573.2	356.303	359.214	281.431	332.316
1.8525e-05	2.72149e+24	17	-20.4266	38.0024	94210.5	91762.9	98735.5	370.755	394.901	376.287	380.648
1.86698e-05	2.29082e+24	58.042	-33.9274	9.27087	91915	81695.4	98116	328.882	301.822	386.252	338.985
1.88145e-05	2.52906e+24	-14.007	-11.5773	-42.1894	84742	89292.2	104285	354.855	359.007	326.265	346.709
1.89592e-05	2.40078e+24	13.5186	2.30434	19.6417	96157.1	89976.6	106412	376.873	372.472	444.176	397.84
1.91039e-05	2.35496e+24	-16.9101	-39.0191	-30.2973	91861.1	104437	109028	338.199	372.394	366.95	359.181
1.92487e-05	2.31831e+24	18.2089	-16.7486	9.02434	99985.4	98603.8	93698.2	327.317	356.168	356.825	346.77
1.93934e-05	2.4466e+24	12.7364	15.0892	-36.489	82012.1	100720	92261.2	340.751	407.877	355.965	368.198
1.95381e-05	2.5199e+24	-6.59412	-14.2618	-9.09813	87058.1	89987.7	88674.2	356.88	336.441	333.686	342.336
1.96828e-05	2.43743e+24	-2.46959	-6.80132	5.41011	97813.7	94520.1	102755	430.535	381.153	399.071	403.586
1.98276e-05	2.29082e+24	12.1462	14.4025	26.3673	92230.2	87678.5	93120.6	340.044	363.032	350.867	351.315
1.99723e-05	2.25417e+24	24.4775	-12.4987	-11.1017	84807.5	82618.3	90492.8	316.146	322.358	353.669	330.724
2.0117e-05	2.25417e+24	18.6711	-0.346376	-32.0282	126110	96999.8	90436.1	468.541	341.916	370.141	393.533
2.02617e-05	2.13504e+24	7.26191	-3.74141	34.4321	76835	74600.2	100659	308.58	286.989	312.779	302.783
2.04065e-05	2.65735e+24	-6.91625	17.6273	-10.7436	100614	86928	83069.9	358.244	347.988	323.319	343.184
2.05512e-05	2.29082e+24	24.2639	6.87791	16.7213	104033	113948	98995.5	418.426	474.087	376.37	422.961
2.06959e-05	2.68484e+24	24.5298	2.11237	1.55126	80748.3	94254.5	91429.8	334.926	373.517	364.788	357.744
2.08407e-05	2.26333e+24	-36.0027	21.4382	-3.51799	102199	82506.7	89763.6	387.308	310.571	372.53	356.803
2.09854e-05	2.68484e+24	33.7895	3.98893	-23.5054	94427.6	80624	88705.3	371.522	328.684	339.742	346.649
2.11301e-05	2.49241e+24	-9.39246	20.0233	-26.4062	84072.6	95729.1	77763.7	334.433	407.153	328.486	356.691
2.12748e-05	2.65735e+24	-38.9797	1.13325	19.1431	96107.3	95082.7	93919.8	356.583	374.417	353.25	361.417
2.14196e-05	2.57488e+24	-24.4666	19.9196	9.43652	96814.2	103627	81449.8	385.46	432.123	338.001	385.195
2.15643e-05	2.53823e+24	7.11356	-4.7661	16.3838	105069	94218.9	88732.1	402.14	362.311	353.649	372.7
2.1709e-05	2.5199e+24	11.8348	9.20892	28.4551	88983.4	91472.8	87218.9	367.227	332.41	349.614	349.75
2.18537e-05	2.59321e+24	-4.81866	-24.3076	7.51237	87876.9	88185.6	85709.1	365.186	342.12	343.874	350.393
2.19985e-05	2.50157e+24	-1.14795	23.3576	-2.98541	87188.2	92123.7	90247.2	361.579	355.251	303.234	340.021
2.21432e-05	2.41911e+24	-17.8029	1.2296	45.1463	106128	90487.8	68332.3	394.44	324.651	285.585	334.892
2.22879e-05	2.63902e+24	4.81905	-2.90302	-0.787412	98295.4	90492.2	92709.8	366.553	357.149	335.801	353.168
2.24326e-05	2.28166e+24	-9.95908	4.33707	-4.7323	85292.5	88111.5	86900.2	301.466	334.565	330.471	322.167
2.25774e-05	2.60237e+24	4.64452	1.3462	-14.2757	81860.9	83098.6	70705.8	334.878	336.237	269.3	313.472
2.27221e-05	2.4466e+24	8.98012	6.89381	2.54362	88098.8	76815.3	98145	363.751	262.919	385.177	337.282
2.28668e-05	2.45576e+24	10.9615	-17.699	2.69111	81591.4	102539	79877.7	296.842	372.447	318.418	329.236
2.30116e-05	2.5199e+24	-6.34247	-22.3451	16.8899	89927.5	91199.6	91935.5	355.111	368.809	358.258	360.726
2.31563e-05	2.33664e+24	22.2482	-38.2391	-29.5622	87730.1	98076.8	79516.2	330.573	387.444	307.008	341.675
2.3301e-05	2.56572e+24	13.4282	10.5527	11.66	93432.6	99766.9	82861.2	333.143	368.718	321.391	341.084
2.34457e-05	2.47409e+24	-0.0508184	-3.48182	23.5667	82111.7	90336.8	92695.3	293.673	380.942	346.826	340.48
2.35905e-05	2.6207e+24	-2.30055	-8.72031	30.4228	86260.5	79551.3	100353	356.1	319.427	415.006	363.511
2.37352e-05	2.66651e+24	-7.47149	-4.28545	19.5697	104686	97684	93876.5	322.687	358.971	317.738	333.132
2.38799e-05	2.48325e+24	15.1034	-2.92765	6.57649	74616.8	84733.7	78045.5	310.444	340.043	328.728	326.405
2.40246e-05	2.51074e+24	0.290423	2.81519	-4.19308	93692	97306.5	97036	367.506	383.128	410.699	387.111
2.41694e-05	2.56572e+24	14.7519	-12.9206	-3.18836	96512.5	90076	83985	402.624	365.684	330.076	366.128
2.43141e-05	2.70317e+24	33.2881	-4.00221	-32.5209	95308.1	87289.2	81723.9	354.924	386.477	332.191	357.864
2.44588e-05	2.40994e+24	-33.3541	-14.6645	16.9185	91130.1	97671.9	78008.3	336.207	368.27	291.389	331.955
2.46036e-05	2.31831e+24	-4.74725	-21.9016	5.17301	86498.6	91087.2	107499	324.368	319.688	403.359	349.138
2.47483e-05	2.4466e+24	39.3391	16.8693	34.5328	100760	82565.1	78525.3	346.252	336.502	313.179	331.978
2.4893e-05	2.58404e+24	-14.7938	24.2423	-28.0753	75937	88253.1	81056.4	316.41	351.998	302.381	323.596
2.50377e-05	2.72149e+24	-17.0264	13.8762	18.4597	87850.2	96209.6	70622.5	353.5	372.071	290.4	338.657
2.51825e-05	2.66651e+24	-32.4263	0.501781	1.04885	85272	105717	78844	321.919	444.518	332.915	366.451
2.53272e-05	2.47409e+24	29.4551	-2.6917	2.31464	80146.4	96566.1	90087	303.593	410.566	371.63	361.93
2.54719e-05	2.35496e+24	-16.1652	4.16067	-16.892	100172	99277.2	96866.1	375.637	350.196	362.287	362.707
2.56166e-05	2.30915e+24	-3.76042	10.9703	54.0047	104336	94146.1	83949.7	360.112	342.466	273.15	325.243
2.57614e-05	2.51074e+24	11.9489	-6.16627	15.5414	103900	95567.3	85736.8	391.728	400.197	352.612	381.512
2.59061e-05	2.53823e+24	19.2787	-18.0059	-11.9218	90163.9	85360	76258	361.632	329.699	329.694	340.342
2.60508e-05	2.68484e+24	3.63098	26.8309	-16.3767	83148.6	100348	87251.6	363.769	401.33	370.586	378.562
2.61955e-05	2.75815e+24	55.6316	-1.41996	24.6592	76958.1	109148	82304.4	313.876	443.453	341.307	366.212
2.63403e-05	2.29082e+24	-11.5366	7.72118	22.7235	80016.8	75857.9	81928.8	320.229	275.012	338.718	311.32
2.6485e-05	2.245e+24	-20.4775	-7.28941	5.7801	80683.4	78840.9	81319.9	314.604	284.532	334.301	311.146
2.66297e-05	2.48325e+24	27.601	45.6897	8.32135	88922.2	94320.8	110937	384.996	367.066	449.335	400.466
2.67745e-05	2.4466e+24	49.6256	5.22537	4.72518	83292.4	86716.7	74579.9	314.683	370.052	259.642	314.792
2.69192e-05	2.694e+24	25.8034	4.22217	-14.4884	106009	81842.4	85535.4	420.918	333.288	372.4	375.535
2.70639e-05	2.55655e+24	-18.2224	10.8317	-27.8209	96178.4	85417.7	92743.4	398.651	325.812	384.529	369.664
2.72086e-05	2.58404e+24	-25.2914	-10.6073	24.4762	83287.9	84365.7	74961.9	324.716	330.703	308.25	321.223
2.73534e-05	2.245e+24	-22.3774	14.9836	15.2607	79448	75158.7	77802.2	328.464	298.288	309.905	312.219
2.74981e-05	2.61153e+24	9.94643	-15.6114	-5.6041	94729.3	86149.1	90210.1	360.032	341.083	317.913	339.676
2.76428e-05	2.49241e+24	-11.0793	10.6267	8.15013	88980.3	87075	78372.2	354.602	330.036	304.729	329.789
2.77875e-05	2.66651e+24	-1.14984	4.17042	2.62916	88296.1	88982.5	80607.5	378.442	373.057	299.033	350.177
2.79323e-05	2.45576e+24	-32.3568	-3.10555	0.399243	75713.2	86296.1	79138.2	292.333	345.856	322.418	320.202
2.8077e-05	2.61153e+24	-33.9859	-56.904	-16.098	79963.2	83989.9	91976.1	315.771	340.867	340.906	332.515
2.82217e-05	2.63902e+24	-2.18942	28.2276	-35.9915	94197.4	77683.1	84930.6	369.922	304.396	346.817	340.378
2.83664e-05	2.61153e+24	11.0861	37.8252	20.2513	89679.5	73985.3	82007	368.679	291.311	340.348	333.446
2.85112e-05	2.5199e+24	-1.82713	12.7804	-2.82252	85740.5	78023.9	89302	322.02	322.201	356.108	333.443
2.86559e-05	2.68484e+24	3.08684	-10.5387	27.8221	81694.4	105389	92728.4	305.982	438.611	364.718	369.77
2.88006e-05	2.30915e+24	-4.61751	21.3242	2.72116	95721.1	91793.7	102129	369.359	360.222	424.088	384.556
2.89454e-05	2.6207e+24	31.9772	-10.1632	-42.5342	86117.7	82754.9	80523.6	365.446	345.443	316.706	342.532
2.90901e-05	2.48325e+24	-15.4246	17.2721	-36.1657	100331	87665.5	91356.1	404.208	354.265	368.044	375.506
2.92348e-05	2.54739e+24	-22.9997	-0.622939	-0.943153	105266	90388.7	81102.8	419.633	308.996	319.681	349.436
2.93795e-05	2.85894e+24	-2.81468	27.0228	-15.6137	100761	82211.4	78506.1	407.964	333.844	320.677	354.162
2.95243e-05	2.53823e+24	-2.83927	24.3094	14.5322	81808.5	93956.7	85716.9	334.222	404.025	307.382	348.543
2.9669e-05	2.66651e+24	-26.8286	5.93962	-30.7054	81045.4	88939.3	105860	332.437	368.117	447.249	382.601
2.98137e-05	2.57488e+24	4.83804	-14.1578	13.8905	86442.8	81881.7	85355.7	362.097	326.106	367.626	351.943
2.99584e-05	2.31831e+24	27.4643	9.71357	11.0536	89861.8	71230.1	94616.8	367.645	279.902	342.218	329.922
3.01032e-05	2.52906e+24	0.55666	11.179	3.00598	87621.7	87690.5	88204.2	323.296	320.348	334.671	326.105
3.02479e-05	2.4466e+24	11.5319	-20.5726	3.23546	84140.2	95280	100542	343.401	402.211	375.52	373.71
3.03926e-05	2.38245e+24	4.20164	7.28434	2.40826	78935.2	109040	80455.2	311.214	429.46	340.731	360.468
3.05373e-05	2.47409e+24	-0.0386873	-17.9922	13.7731	86838.5	96594	103258	359.597	390.181	434.079	394.619
3.06821e-05	2.52906e+24	0.515348	14.0315	42.1703	92804.8	88867	89314.9	348.417	361.044	307.49	338.984
3.08268e-05	2.60237e+24	-6.15734	-19.6432	-4.10869	82997.5	83537.4	85339.7	353.502	341.875	358.692	351.357
3.09715e-05	2.36413e+24	-3.56217	17.0994	20.1678	86147.1	89427	103081	339.198	305.5	413.734	352.811
3.11163e-05	2.38245e+24	20.2688	-5.83788	-4.84168	77630.4	82668	91571.4	312.029	330.516	327.243	323.262
3.1261e-05	2.80396e+24	2.36127	31.969	37.3179	90163.8	83102.2	97279.3	385.535	318.106	398.41	367.351
3.14057e-05	2.53823e+24	14.1949	22.1803	-4.8533	72057.2	82620.3	88053.2	299.376	348.228	353.284	333.629
3.15504e-05	2.36413e+24	23.739	18.4787	12.6872	78531.8	81213.6	97975	289.978	337.729	387.834	338.514
3.16952e-05	2.47409e+24	-27.9738	-1.17868	17.3676	89602.1	81159.7	75747.3	353.272	320.36	320.423	331.352
3.18399e-05	2.3458e+24	23.8721	6.94761	-9.47493	80896.6	82295.4	88246	298.152	348.577	379.077	341.936
3.19846e-05	2.77647e+24	19.0709	-23.3812	-34.7122	64616	83958	85684.1	251.538	337.654	342.215	310.469
3.21293e-05	2.59321e+24	17.4327	38.8511	-5.31981	84170.7	85308.8	77197.2	291.181	357.655	318.52	322.452
3.22741e-05	2.50157e+24	22.3431	-0.0836647	16.1684	96890.4	90680.7	80124.3	393.494	371.354	332.228	365.692
3.24188e-05	2.39162e+24	21.0583	-18.7547	-54.3751	82007.8	82464.9	86281.8	323.549	330.463	324.9	326.304
3.25635e-05	2.54739e+24	3.15794	-6.66509	-3.78432	83392	78411.4	84496.4	354.632	328.438	359.735	347.602
3.27083e-05	2.90476e+24	48.939	2.34748	5.87816	83816.8	81391.5	90089	341.347	352.468	388.6	360.805
3.2853e-05	2.6207e+24	1.05751	18.8845	6.89649	76600.8	87356.9	75917.4	308.619	362.775	290.533	320.643
3.29977e-05	2.95058e+24	9.50536	2.27845	4.91141	86393.7	83784.2	79011.2	355.071	334.671	322.994	337.579
3.31424e-05	2.45576e+24	9.58227	-3.70454	14.5444	92153.2	81981.3	76916.3	360.797	321.011	283.986	321.932
3.32872e-05	2.6207e+24	6.36419	-9.90117	24.7511	83639	82133.9	66393.3	335.507	284.446	265.562	295.172
3.34319e-05	2.56572e+24	-26.2785	-5.34516	15.5622	91416	105765	86026.2	360.439	405.844	363.4	376.561
3.35766e-05	2.58404e+24	-57.7615	5.88129	1.27722	99044.7	68586.6	81994.7	380.269	283.376	328.197	330.614
3.37213e-05	2.74898e+24	-13.3805	2.25951	-2.33924	83944.5	83699.1	75323.2	322.836	330.609	311.745	321.73
3.38661e-05	2.50157e+24	21.4068	18.7019	18.3158	88336.6	85156.1	89472.6	318.833	318.985	289.675	309.164
3.40108e-05	2.64819e+24	30.5092	-15.6442	11.2203	93188.7	88668.2	79917.3	349.216	360.938	330.934	347.029
3.41555e-05	2.76731e+24	2.08064	-8.51781	-30.9782	94476.5	72591	91790.2	352.562	308.391	367.021	342.658
3.43002e-05	2.45576e+24	6.44741	-18.4205	7.32785	86652.1	88127.1	87791.5	387.2	337.451	340.638	355.097
3.4445e-05	2.55655e+24	-27.5633	-9.19166	-8.24289	84800.5	82196	104326	310.947	322.518	393.656	342.374
3.45897e-05	2.51074e+24	-2.15091	-2.37604	-17.2354	87412.8	75074.7	78133.1	354.927	322.173	334.353	337.151
3.47344e-05	2.37329e+24	-1.8607	-7.31345	9.91917	86132.2	81363.2	81526.9	346.063	283.546	346.998	325.536
3.48792e-05	2.87727e+24	22.5024	23.036	-33.4166	74586.9	91216.2	82864.2	325.021	333.671	309.785	322.826
3.50239e-05	2.68484e+24	-44.7225	37.0505	3.68486	84653.9	87071.8	86403.1	349.21	354.75	346.364	350.108
3.51686e-05	2.54739e+24	-3.53876	1.7473	-0.500282	86489	75679	89659.2	360.189	296.351	368.149	341.563
3.53133e-05	2.61153e+24	21.0206	1.68592	4.24703	85393	75322.4	89181.4	315.179	300.571	323.085	312.945
3.54581e-05	2.68484e+24	19.8619	-7.34689	-11.9228	66468.8	75383.1	89944.6	282.09	316.024	352.2	316.771
3.56028e-05	2.73982e+24	-25.7935	-16.7005	30.5845	80475.8	85463.4	81976	324.629	351.438	325.113	333.727
3.57475e-05	2.6207e+24	18.0339	-28.5944	-11.3825	83435.8	81843.8	75431.7	346.503	324	300.924	323.809
3.58922e-05	3.02388e+24	13.919	11.3418	-0.608746	78753	72563.9	76586.7	286.387	293.439	316.853	298.893
3.6037e-05	2.63902e+24	-17.1821	19.0271	16.6198	86670.9	75503.4	95062.2	332.074	314.691	338.509	328.425
3.61817e-05	2.54739e+24	-1.7308	-21.1108	-17.0345	79787.4	68150.6	78044.4	311.845	252.587	291.795	285.409
3.63264e-05	2.90476e+24	-21.1603	14.9729	16.0352	90979.9	98431.7	83464.8	370.645	409	325.677	368.441
3.64711e-05	2.64819e+24	14.5959	9.62136	-41.5409	86593.4	71837.3	75542.1	373.877	295.901	283.678	317.819
3.66159e-05	2.74898e+24	-13.5503	26.3996	-17.9312	73937.9	81218.3	89947.2	301.885	324.326	361.797	329.336
3.67606e-05	2.56572e+24	-8.96897	3.8404	-24.9181	75970	66568.4	81337.1	316.741	272.917	331.882	307.18
3.69053e-05	2.85894e+24	33.3299	-23.5395	-18.9775	78606.3	84774.5	79949.2	314.347	350.454	333.875	332.892
3.70501e-05	2.7948e+24	13.7839	14.4778	17.1436	85318.2	83011	91390	359.073	330.768	370.665	353.502
3.71948e-05	2.61153e+24	20.656	53.4558	-13.1209	87381.8	90226.6	90648.6	300.014	354.372	368.801	341.062
3.73395e-05	2.77647e+24	-13.2924	6.70215	-18.7244	74665.4	70978.9	86432.4	314.394	309.559	323.032	315.662
3.74842e-05	2.66651e+24	-4.6103	-4.23715	13.4804	83893.6	83205	90414.6	339.296	344.779	375.343	353.139
3.7629e-05	2.95058e+24	-10.9507	-1.1327	12.3227	80250.7	80377.1	81790.8	328.033	323.895	283.868	311.932
3.77737e-05	2.55655e+24	-18.5372	18.7732	5.64384	71686.1	79874.4	86525	295.766	336.646	279.426	303.946
3.79184e-05	2.67568e+24	-19.018	-16.5528	-7.59057	74283.6	86629.2	73210.9	294.279	317.201	321.722	311.067
3.80631e-05	2.73066e+24	18.815	-1.03195	14.0816	73374.7	76315.9	68791.9	301.027	323.587	293.877	306.164
3.82079e-05	2.7948e+24	-22.3593	-7.48975	-14.2717	77176.8	75783.8	67432.3	337.106	321.262	279.845	312.738
3.83526e-05	2.50157e+24	-64.4318	-20.7152	-1.87735	87613.3	81544.4	77600.5	301.328	295.012	314.154	303.498
3.84973e-05	2.80396e+24	-29.0262	-30.7951	-5.61221	79888.8	84923.2	82842.7	319.898	346.071	334.898	333.622
3.8642e-05	2.71233e+24	-17.3771	-26.1424	-27.9826	84489.4	77908.4	76898	364.404	327.761	295.399	329.188
3.87868e-05	2.72149e+24	32.6709	21.21	-7.02529	81348.8	80544.5	97357.3	331.94	325.588	384.152	347.227
3.89315e-05	2.85894e+24	-35.4367	11.137	-4.37596	75395.2	99888.3	75553.2	313.946	393.997	310.889	339.61
3.90762e-05	2.56572e+24	-14.8436	8.54519	16.6847	78798	80969.8	98296.9	330.349	325.653	412.519	356.174
3.9221e-05	2.65735e+24	32.9638	12.8703	-14.8659	79938.8	75546.7	72274.1	292.724	296.148	287.267	292.046
3.93657e-05	2.84062e+24	-13.1575	23.5991	15.7889	83418.3	76248.6	77373	348.014	312.272	304.78	321.689
3.95104e-05	2.97807e+24	25.487	4.35873	39.617	80778.2	79511.9	72225.6	323.393	323.696	289.31	312.133
3.96551e-05	2.8956e+24	-10.7008	15.9395	5.23148	81616	81044.7	88581	321.87	337.83	368.598	342.766
3.97999e-05	3.01472e+24	26.7477	-5.19736	-24.1865	79717.3	76886.3	76052.8	325.167	307.51	309.029	313.902
3.99446e-05	2.6207e+24	-10.3077	4.48105	18.0363	69121.6	75143.9	97312.3	285.618	310.313	373.686	323.206
4.00893e-05	2.59321e+24	-11.9609	5.09613	-3.2379	83956.2	82310.7	97034.9	355.486	352.648	377.329	361.821
4.0234e-05	2.67568e+24	-39.1574	-12.0661	-22.8839	70350.4	74722.4	76245.6	245.602	292.18	310.499	282.76
4.03788e-05	2.80396e+24	-13.1586	34.8565	0.544048	96722.7	89602.8	63144.8	429.088	368.151	270.743	355.994
4.05235e-05	2.84062e+24	19.0632	-14.6406	-6.52246	85118.9	83442	71911.5	358.502	335.187	313.376	335.688
4.06682e-05	2.64819e+24	1.26151	-6.99987	6.85828	71640	72564.7	77364.9	281.274	288.124	339.987	303.128
4.0813e-05	2.83145e+24	17.9937	-19.6357	-13.9876	77805.9	81006.3	76389.1	298.634	320.287	327.59	315.503
4.09577e-05	2.7948e+24	-12.1642	28.9228	-7.68534	74881.2	82485.1	89964	302.891	351.184	375.897	343.324
4.11024e-05	2.84062e+24	2.28154	-38.1303	-42.0666	92156.2	66495.9	73678.2	368.72	277.819	297.506	314.682
4.12471e-05	3.10635e+24	23.5461	8.91709	-0.951018	77937.6	85707.5	75236.8	309.748	344.426	300.603	318.259
4.13919e-05	2.91392e+24	-27.3634	12.0338	-1.01115	77240.1	93784.6	81690.6	323.691	366.858	349.398	346.649
4.15366e-05	2.78564e+24	19.1262	-11.1144	7.15353	85291.6	79215	76509.9	309.023	300.932	322.701	310.885
4.16813e-05	2.75815e+24	14.2355	-21.8618	19.1809	71848.3	78614.9	79650.2	281.406	261.828	307.708	283.647
4.1826e-05	2.7948e+24	-1.95664	-17.2961	-23.3483	83796.1	80813.3	78156.8	320.814	332.471	302.371	318.552
4.19708e-05	2.60237e+24	23.6127	-31.3919	18.2461	64708.4	85111.6	73785.9	276.856	351.751	292.277	306.961
4.21155e-05	2.76731e+24	15.473	-16.6237	36.0615	94395.7	81108.3	89185.4	393.756	352.167	364.491	370.138
4.22602e-05	2.97807e+24	0.866648	-15.865	21.2843	68918.4	80634.8	81652.4	280.87	335.324	335.608	317.267
4.24049e-05	2.62986e+24	6.54733	17.4444	7.79576	75932.6	85106.5	78239.1	316.908	335.646	299.59	317.381
4.25497e-05	2.52906e+24	11.2928	-18.0877	-38.5985	78277.9	75004.4	83877.8	296.667	278.371	343.148	306.062
4.26944e-05	2.76731e+24	22.4521	15.7704	10.2193	76267.1	77841.3	74319.5	291.799	318.353	294.438	301.53
4.28391e-05	2.65735e+24	-21.7985	-11.5423	-9.90313	77426.4	73375.3	72939.2	327.161	296.217	295.215	306.198
4.29839e-05	2.7948e+24	-13.1859	11.1341	-9.54534	68533	84288.7	69683.9	287.331	356.157	285.659	309.715
4.31286e-05	2.71233e+24	11.5484	0.0432415	23.6868	74535.4	79288.3	73777.9	293.271	327.379	296.594	305.748
4.32733e-05	2.94141e+24	-0.18994	-12.0561	29.2922	80130.4	69130	73995.3	334.104	279.263	308.223	307.197
4.3418e-05	2.76731e+24	45.1578	3.5248	13.0813	75043.4	73156.4	78863.1	272.767	252.264	283.459	269.497
4.35628e-05	2.82229e+24	6.11044	1.19999	7.39972	91555.2	72438.9	70077.8	384.241	309.498	298.382	330.707
4.37075e-05	2.95058e+24	-7.78368	19.8437	24.1143	86205.4	88694	68439.4	328.226	364.075	286.55	326.284
4.38522e-05	2.91392e+24	10.7041	-45.4307	6.76448	85934.4	72724.6	79381.4	339.017	312.263	342.783	331.354
4.39969e-05	2.41911e+24	-18.0659	16.5819	10.1239	67971.1	74952.6	81652.2	273.185	301.341	320.038	298.188
4.41417e-05	2.78564e+24	-18.1749	15.8495	15.8207	63407	70743.9	68489.2	272.054	289.464	270.064	277.194
4.42864e-05	2.78564e+24	-8.22445	7.59119	17.7914	69735.2	67166.1	83478.7	294.301	276.68	323.508	298.163
4.44311e-05	2.87727e+24	-15.2864	21.7211	-2.72793	74868.7	66827.4	75458.9	285.632	264.112	291.132	280.292
4.45758e-05	2.92309e+24	5.40644	-15.5569	-6.73707	90115.8	68886.1	56332.7	380.62	302.95	235.681	306.417
4.47206e-05	3.12468e+24	21.082	16.263	-8.35374	73869.9	84825.3	71001.2	317.632	358.439	295.912	323.994
4.48653e-05	2.694e+24	-15.7761	20.1169	32.6943	64792.7	74625.4	84147	227.845	312.748	331.692	290.761
4.501e-05	2.84978e+24	9.40788	2.48282	-36.3798	63322.7	77060.8	68589.9	244.409	302.249	244.946	263.868
4.51548e-05	2.84062e+24	-20.0605	-3.89882	21.5389	74164.5	81785.8	78443.1	329.242	328.437	317.173	324.951
4.52995e-05	2.67568e+24	21.4976	-8.43911	30.9586	91197.2	76449.7	75514.4	365.151	325.877	319.374	336.801
4.54442e-05	2.8956e+24	11.8521	-11.6725	3.5044	71890.5	91544.3	64841.1	309.464	349.073	263.062	307.2
4.55889e-05	2.59321e+24	30.2695	26.1577	6.74126	88856.1	70814.4	87565.5	324.379	268.503	333.234	308.705
4.57337e-05	2.98723e+24	-16.1469	-12.8257	-14.6621	82002.5	66667.4	71583.2	326.521	271.24	289.121	295.627
4.58784e-05	2.91392e+24	1.97549	-27.7997	-2.57876	73191.4	72054.3	77340.1	312.3	291.168	326.457	309.975
4.60231e-05	3.02388e+24	-6.40288	-13.0787	30.1212	77089.5	80140.4	87010.4	313.054	315.443	345.528	324.675
4.61678e-05	2.74898e+24	-36.033	13.2621	14.169	73535.2	74422.1	75158.6	303.637	306.87	325.168	311.892
4.63126e-05	3.07886e+24	-1.441	22.3681	45.072	79316.3	67569.6	74338.1	351.186	279.071	308.78	313.012
4.64573e-05	2.83145e+24	9.3652	4.34424	7.32448	74596.3	70491.1	85340.7	311.298	284.479	345.005	313.594
4.6602e-05	2.81313e+24	-2.52211	-1.14241	-34.934	89053.1	74027.3	79559.2	342.967	278.696	307.919	309.861
4.67467e-05	2.78564e+24	-16.2874	1.42548	27.247	80924.3	81330.3	68052.7	326.489	342.988	284.774	318.084
4.68915e-05	2.83145e+24	-12.1501	-1.09269	6.21769	72096	87582.1	86701.6	301.929	344.398	333.603	326.643
4.70362e-05	3.06053e+24	2.0555	-5.7606	6.01415	72779.3	89879.6	79218	309.624	365.628	317.073	330.775
4.71809e-05	2.93225e+24	-19.0478	3.6215	3.06429	81053.3	80371	79236.6	336.674	351.025	339.86	342.52
4.73257e-05	2.7948e+24	19.392	-7.14634	22.263	86130.2	75536.3	69908.5	314.959	295.348	277.171	295.826
4.74704e-05	2.90476e+24	38.0982	10.5037	5.68555	72821.6	76199.8	83438.9	294.549	327.037	336.736	319.441
4.76151e-05	2.91392e+24	-27.4808	18.5435	7.52327	73166.2	81009.5	70964.7	290.356	341.182	285.111	305.55
4.77598e-05	2.63902e+24	17.4415	9.20632	-14.5193	64203.8	79179	72493.9	254.94	339.146	297.954	297.347
4.79046e-05	2.74898e+24	15.7941	-10.345	-3.09777	80433.3	92164.9	84013.4	325.198	373.379	340.981	346.519
4.80493e-05	3.11551e+24	2.06978	-37.0979	15.3892	67645	77447.4	80091.6	281.786	322.753	348.841	317.793
4.8194e-05	2.74898e+24	17.4222	14.748	1.00732	87113.4	66400.4	63226	372.841	265.754	264.126	300.907
4.83387e-05	2.92309e+24	3.17968	-2.84212	6.57915	80631.7	74606	60675.3	314.127	298.118	264.258	292.168
4.84835e-05	2.95974e+24	1.94074	18.3523	12.4021	74505	71499.9	67286.9	294.324	284.722	278.337	285.794
4.86282e-05	2.78564e+24	7.2052	26.2303	-20.9247	77911.5	63150.6	93025	311.446	271.835	373.672	318.984
4.87729e-05	2.94141e+24	19.1297	-4.50901	9.5358	68401.2	70193	85727.6	268.941	298.944	340.281	302.722
4.89176e-05	3.00556e+24	-36.8742	19.1171	24.5259	79919.9	83934	79021.8	309.198	350.073	330.852	330.041
4.90624e-05	3.0697e+24	19.5409	8.47425	6.43153	66182.6	78997.9	80236.6	263.951	330.263	335.985	310.066
4.92071e-05	2.91392e+24	13.5259	-23.0869	-4.99213	77666	77431.9	71015.3	319.959	321.124	303.307	314.797
4.93518e-05	3.02388e+24	9.97205	21.495	20.5441	67181.4	77237.4	75593.2	283.772	314.229	323.483	307.161
4.94966e-05	2.88643e+24	-12.2994	6.64844	6.64133	75651.5	89967.4	80560.2	328.263	384.83	304.819	339.304
4.96413e-05	3.09719e+24	-0.838082	4.44865	-9.62953	74420.9	72172.3	74532.4	324.627	307.645	328.735	320.335
4.9786e-05	2.97807e+24	-7.58899	20.0703	2.98495	68506.3	75063.2	80499.2	293.643	290.419	310.595	298.219
4.99307e-05	2.87727e+24	34.348	3.86425	12.2323	71103.7	90512.8	70682.3	288.245	382.812	289.365	320.141
5.00755e-05	3.13384e+24	-30.6077	-5.84199	6.24012	74214.3	69533.7	75750.2	304.969	294.251	298.069	299.096
5.02202e-05	3.19798e+24	11.9412	-21.7838	14.6583	64623.8	59764.5	72115.8	280.109	255.518	289.728	275.118
5.03649e-05	3.00556e+24	-9.68728	22.5334	26.3373	79723.1	71804.2	75960.2	335.465	300.479	294.889	310.278
5.05096e-05	3.02388e+24	19.0968	-4.74971	-16.0465	68124.3	73208.6	86080	285.635	314.046	369.566	323.082
5.06544e-05	3.00556e+24	-16.7512	-4.3564	5.2307	68478.2	71803	64584.4	276.869	287.887	270.064	278.273
5.07991e-05	2.83145e+24	19.0032	-5.0416	-3.94393	82552.9	86147.9	75330.9	322.227	324.38	298.423	315.01
5.09438e-05	3.05137e+24	49.3767	-28.7047	-13.4913	78900.9	77223.1	70543.6	307.351	310.303	282.026	299.894
5.10886e-05	2.8956e+24	-7.96115	11.2405	24.067	66198.4	73887.9	68829.2	286.528	328.408	279.408	298.115
5.12333e-05	3.17049e+24	30.3187	24.7226	1.87714	78160.3	74026.1	76639.4	330.825	294.696	331.691	319.07
5.1378e-05	2.81313e+24	-10.3653	35.4974	-16.0518	72125.4	78385.1	75929.5	288.798	309.769	290.627	296.398
5.15227e-05	3.16133e+24	33.2278	9.53873	-8.40451	72932.2	78077.3	68048.5	308.898	333.99	289.198	310.695
5.16675e-05	2.94141e+24	2.31709	18.3211	-23.6234	70459.2	70612.9	69231.9	285.485	284.089	284.46	284.678
5.18122e-05	2.87727e+24	-28.9107	-42.0896	-16.8612	65409.9	89006.2	70846.3	264.845	350.407	298.558	304.603
5.19569e-05	3.08802e+24	-8.6837	-13.8223	-23.1603	71810.5	79126.5	74474.1	306.364	336.89	302.427	315.227
5.21016e-05	3.21631e+24	25.5187	14.2804	-12.5793	64643.3	75821.6	70916.6	272.857	322.137	310.602	301.865
5.22464e-05	3.42707e+24	1.21265	26.285	-4.91155	72884	70238.3	74090.2	311.462	291.457	323.482	308.801
5.23911e-05	2.77647e+24	-6.49388	-23.605	5.10371	69399	72976	83908.7	279.123	293.295	310.383	294.267
5.25358e-05	2.85894e+24	11.7126	-11.5153	28.9179	67975.8	77742.3	76769	267.549	310.707	319.953	299.403
5.26805e-05	3.28045e+24	24.6181	-12.0461	-4.64179	77303.9	76120	82748.1	310.761	328.885	346.798	328.815
5.28253e-05	2.85894e+24	23.5495	-21.6618	-18.3145	76548.8	67949.5	63733.3	300.879	282.605	248.386	277.29
5.297e-05	3.04221e+24	2.80641	-7.17898	-9.41605	81866.7	76063.4	80849.8	326.573	335.183	350.543	337.433
5.31147e-05	3.23464e+24	10.3763	29.6497	-15.1328	57879.8	77895.7	75455	249.824	346.03	325.038	306.964
5.32595e-05	3.28962e+24	-15.4876	-12.7249	-11.1803	70671.3	66995.7	80403.4	298.984	284.706	346.642	310.111
5.34042e-05	3.18882e+24	-25.538	2.80564	-3.78664	75000.7	76383.1	73117	290.263	320.595	313.179	308.013
5.35489e-05	2.76731e+24	-10.8269	7.5291	0.456472	77655.9	82810.4	67150	278.561	299.559	269.669	282.596
5.36936e-05	2.98723e+24	-39.1148	3.28396	18.3598	75276.7	86210.3	66773.9	311.221	339.119	270.761	307.033
5.38384e-05	3.11551e+24	-12.4104	-11.8551	-5.57635	75929	75931.2	63630.7	316.56	328.089	254.359	299.669
5.39831e-05	3.143e+24	1.97989	4.7669	2.37755	74737.4	81055.6	76065.1	322.911	328.046	299.222	316.726
5.41278e-05	2.76731e+24	17.0239	-13.2249	-8.07318	69327.1	71977.8	82849.5	292.359	300.184	357.154	316.565
5.42725e-05	2.90476e+24	-2.1279	15.5857	-0.261146	74202.6	68864.2	77455.2	318.695	271.852	306.07	298.873
5.44173e-05	3.03304e+24	1.04543	12.3191	-16.1251	76403.6	77358.1	83369.5	313.514	302.156	357.548	324.406
5.4562e-05	2.95974e+24	29.2726	14.9672	-9.97854	90050.4	66920.3	83523.8	339.313	269.342	354.809	321.155
5.47067e-05	2.95058e+24	11.6694	-17.5746	7.45114	65223.9	62030.1	73209.7	268.311	271.416	312.876	284.201
5.48514e-05	3.03304e+24	11.0383	7.02258	-2.00699	56556.9	55836.8	65281	245.918	240.023	268.542	251.495
5.49962e-05	3.44539e+24	-8.36474	20.0968	2.02805	68325.5	76587.3	70336.7	280.378	325.665	300.273	302.105
5.51409e-05	2.73066e+24	-17.0441	1.59984	26.8533	55896.7	76590.7	68195.1	224.453	329.188	257.518	270.386
5.52856e-05	3.05137e+24	26.5136	18.4806	8.08266	63883.3	66951.2	71158.4	277.534	278.99	297.478	284.667
5.54304e-05	3.02388e+24	8.19553	32.2097	32.2505	67796.7	76932.1	70457	297.372	293.791	289.4	293.521
5.55751e-05	3.29878e+24	7.16376	-30.2306	2.62641	69995.4	67327.8	66452.6	272.321	268.525	278.61	273.152
5.57198e-05	3.07886e+24	5.95355	11.1337	-22.7111	66619.2	66420.3	67295.9	268.849	272.204	269.746	270.266
5.58645e-05	3.20715e+24	13.6141	6.33313	-4.44547	72957.7	74185.2	75044.6	318.028	323.924	304.445	315.466
5.60093e-05	3.26213e+24	7.48155	8.5593	-18.7812	80425.2	76370.9	83402.8	350.52	307.718	363.675	340.638
5.6154e-05	3.08802e+24	34.0708	-10.968	-18.4678	72999.9	65852.9	76427.5	293.706	274.263	302.284	290.085
5.62987e-05	3.32627e+24	-8.32604	2.88506	-31.7533	78797.5	63935.6	71551.7	357.56	281.356	316.665	318.527
5.64434e-05	3.18882e+24	-33.1006	-5.08499	3.57229	70597.9	72673.8	74951.9	295.635	315.921	320.709	310.755
5.65882e-05	2.9689e+24	-8.21647	0.814984	25.1461	71745.7	69050.1	61802	311.889	281.55	263.792	285.744
5.67329e-05	3.143e+24	-7.5007	-14.168	-0.777494	68911.7	69283.5	68317	257.459	304.086	276.506	279.35
5.68776e-05	2.88643e+24	-15.5036	2.22082	-10.011	73175.3	70819.1	70617	292.101	288.557	281.081	287.246
5.70223e-05	2.88643e+24	28.6918	-7.126	-0.198538	64614.1	64940	64836.6	251.245	253.001	280.19	261.479
5.71671e-05	3.28045e+24	-1.82737	9.39204	-1.49952	71108.8	67551.6	61791.3	288.138	296.842	248.861	277.947
5.73118e-05	3.06053e+24	11.4531	-16.1738	12.5238	63601.8	64019.7	82243	268.859	278.556	358.74	302.051
5.74565e-05	3.11551e+24	-1.63098	13.1042	-6.8689	66648.9	78679.5	63284.3	272.505	300.478	275.371	282.785
5.76013e-05	3.12468e+24	-15.1068	-4.17043	-1.95812	67192.6	67469	64362.7	285.592	289.199	274.895	283.229
5.7746e-05	3.0697e+24	5.10943	-0.174125	-37.4808	64002.9	71205.3	57291.6	248.795	291.871	227.668	256.111
5.78907e-05	3.26213e+24	3.6862	-17.0476	3.69921	65979.8	75331.5	66195.8	277.559	312.425	294.26	294.748
5.80354e-05	3.19798e+24	-28.3711	0.197093	-10.5525	72500.7	70950.8	67395.2	299.98	307.632	286.155	297.922
5.81802e-05	3.36292e+24	12.3295	-1.7935	5.90248	71806.4	76946.7	66513.1	290.116	281.893	286.867	286.292
5.83249e-05	3.31711e+24	-17.8892	-8.48262	-3.14661	75795.2	82462.6	73090.9	332.12	335.875	287.602	318.532
5.84696e-05	3.16133e+24	-9.66885	-0.882955	1.13155	73551.2	75408.9	75892.5	315.493	301.886	318.197	311.859
5.86143e-05	3.12468e+24	-18.0743	-5.29224	-1.62189	65123.1	63914.7	59742.4	267.611	259.847	250.91	259.456
5.87591e-05	3.09719e+24	18.8475	2.96695	26.4638	68087.2	66100.9	79000.4	281.008	283.583	326.305	296.965
5.89038e-05	3.04221e+24	10.9262	8.37058	32.4352	68509.9	60534.9	65486	290.254	266.657	262.918	273.277
5.90485e-05	3.5187e+24	-1.56091	-3.0611	-8.65685	64115.9	67624.6	68340.8	273.102	280.48	261.538	271.707
5.91933e-05	3.38125e+24	-8.33083	-37.8709	-0.757525	66609.2	68120.2	81862.9	292.984	285.909	340.251	306.381
5.9338e-05	3.01472e+24	-29.6378	-14.9168	0.844745	69167.4	87489	63020.3	290.862	361.554	260.106	304.174
5.94827e-05	3.29878e+24	3.56601	-0.188292	-9.29269	63226.5	73536.6	65505	261.006	307.726	283.448	284.06
5.96274e-05	3.28962e+24	-7.63867	-12.3528	22.5798	71724.7	66038	65908.9	297.106	293.062	275.332	288.5
5.97722e-05	3.32627e+24	6.61608	-11.14	0.260637	75179.1	81529.6	61015.5	290.576	361.38	247.501	299.819
5.99169e-05	3.07886e+24	2.105	2.57947	-9.51713	76874.7	62534.2	63824	325.384	260.613	278.042	288.013
6.00616e-05	3.28045e+24	-14.9653	-18.0249	-26.6299	71538.6	71949.9	63675.4	313.161	282.662	260.317	285.38
6.02063e-05	3.38125e+24	-11.1685	-11.2988	-22.6983	64341.7	76245.9	79019.8	284.074	321.138	335.444	313.552
6.03511e-05	3.27129e+24	19.4351	-16.1821	-25.9103	73870.2	72532.1	70185.7	277.706	301.472	300.439	293.205
6.04958e-05	3.27129e+24	4.44674	-32.2817	17.3461	68825.3	70015.7	58689.6	270.825	290.761	247.812	269.799
6.06405e-05	3.50037e+24	1.1245	12.9856	46.4603	61063.9	65615.9	72735.8	264.574	277.824	305.562	282.654
6.07852e-05	3.60117e+24	-2.80674	-2.77477	-9.71845	74425.4	79946.2	67284	304.663	328.971	270.644	301.426
6.093e-05	3.50954e+24	-2.657	-14.4366	4.52506	74432	69194.1	74136.9	322.243	295.646	320.993	312.961
6.10747e-05	3.08802e+24	-4.37228	0.856768	-5.81847	65649.9	66508.5	68554.5	272.224	288.83	288.641	283.232
6.12194e-05	3.56452e+24	-2.30704	-14.3984	22.6026	69922	66122	63696.4	312.101	291.176	273.54	292.272
6.13642e-05	3.11551e+24	-8.58356	3.34564	-1.75607	72120	74763.4	62176.9	295.689	312.691	247.684	285.355
6.15089e-05	3.16133e+24	-7.81957	0.348665	17.2689	60912.6	82105.1	71952.9	261.32	343.598	295.787	300.235
6.16536e-05	3.39041e+24	-23.7173	-4.38901	-6.22841	61512.5	60915.3	56427.3	260.098	243.476	229.695	244.423
6.17983e-05	3.61033e+24	8.59374	15.3212	32.8219	77820.5	70539.9	70357.9	327.582	301.931	304.685	311.399
6.19431e-05	3.18882e+24	0.129592	1.71714	-3.09568	80284	66686.1	58508.1	351.292	292.958	236.785	293.678
6.20878e-05	3.47288e+24	0.956409	-20.5744	-13.5354	63593.2	71809.7	59974.2	261.108	317.714	234.948	271.257
6.22325e-05	3.45456e+24	23.8803	10.3497	-0.58686	70336.3	58782.3	67508.4	285.732	252.927	280.544	273.068
6.23772e-05	3.10635e+24	20.8758	1.44903	-8.12758	72687.2	60954.4	67454.5	297.69	263.876	283.268	281.611
6.2522e-05	3.39041e+24	-18.3908	16.3867	-0.198824	68517.2	60554.4	72168.7	289.95	266.426	297.283	284.553
6.26667e-05	3.43623e+24	7.6433	6.12747	-22.1151	70088	64117.7	69003.3	292.951	271.482	295.39	286.608
6.28114e-05	3.91272e+24	-9.92668	6.23178	1.75404	63392	70726.4	64342.6	276.313	302.969	267.596	282.293
6.29561e-05	3.33543e+24	-33.6626	-0.723382	-9.9367	71997.4	69614.9	65292.5	308.103	291.041	278.435	292.526
6.31009e-05	3.3446e+24	-34.9049	5.49256	-4.14584	67486.1	64807	64704.9	284.025	278.267	262.353	274.882
6.32456e-05	3.73862e+24	2.02588	19.8508	-38.885	68314.1	67951	72762.3	293.101	306.117	305.781	301.666
6.33903e-05	3.20715e+24	1.17708	19.1903	14.5563	70935.8	60842.8	69938.1	284.945	246.334	277.307	269.528
6.35351e-05	3.50037e+24	2.40662	-18.9666	21.0028	67103.5	68320.3	65922	287.177	292.358	291.8	290.445
6.36798e-05	3.54619e+24	-10.4057	-4.78408	-3.76244	64739.6	66554.3	68578.2	276.599	289.487	276.12	280.735
6.38245e-05	3.21631e+24	10.0668	10.8829	-0.835865	70241.1	65941.7	77071.4	300.962	285.656	311.7	299.439
6.39692e-05	3.6928e+24	-17.5553	17.4678	-28.6017	55499.9	71821.9	72648	230.75	279.992	304.621	271.788
6.4114e-05	2.97807e+24	-4.72819	-15.9325	16.1699	75668	65767.1	68618.2	323.211	258.004	284.989	288.735
6.42587e-05	3.39958e+24	14.3272	11.7148	18.9894	64963.6	63452.2	60139.6	271.122	263.788	254.321	263.077
6.44034e-05	3.592e+24	13.0727	18.8787	-24.5386	71395.2	63331.9	58550.5	294.885	280.658	247.693	274.412
6.45481e-05	3.42707e+24	43.4394	-2.28843	-29.091	74294.7	67076.1	60583.4	311.32	291.266	262.855	288.481
6.46929e-05	3.52786e+24	-10.4301	7.69992	-8.74893	55840.9	65421	72068.1	228.104	287.439	301.181	272.241
6.48376e-05	3.44539e+24	-18.5396	-23.5922	4.28475	72750.8	61616.8	69034.2	286.167	256.985	301.576	281.576
6.49823e-05	3.75694e+24	-16.0617	5.0243	9.00055	65552.2	65103.1	71568.9	279.068	278.778	298.684	285.51
6.5127e-05	3.47288e+24	19.8398	13.1105	6.29486	69770.7	61735	67724.5	287.368	261.157	291.686	280.07
6.52718e-05	3.61949e+24	10.289	-10.1775	-20.0692	58716	65518.5	67240.5	255.572	288.625	293.914	279.37
6.54165e-05	3.30794e+24	19.5146	6.13411	-10.6436	62915	65621.1	59768.7	277.872	267.879	260.761	268.837
6.55612e-05	3.25296e+24	0.00994309	10.5729	-6.35605	59980.2	67539.2	69745.2	251.904	288.933	304.901	281.912
6.5706e-05	3.63782e+24	7.22493	3.33751	17.3522	68740.8	74852.2	64153.2	298.559	334.732	263.508	298.933
6.58507e-05	3.45456e+24	-3.70333	15.3477	9.41568	65026.7	60184.4	56600.9	272.311	252.349	242.955	255.872
6.59954e-05	3.25296e+24	16.1552	25.4955	5.74107	57481.3	59970.3	72353.2	256.701	258.292	299.412	271.468
6.61401e-05	3.44539e+24	1.90828	-0.725603	5.18116	64926	60920.5	69265.9	278.116	251.342	292.121	273.86
6.62849e-05	3.29878e+24	8.40531	18.5283	3.63603	65517.4	60202.4	61447.6	267.375	257.19	262.5	262.355
6.64296e-05	3.19798e+24	3.04842	-4.22379	0.462373	67357.5	73706.5	65706.4	285.885	324.829	253.243	287.986
6.65743e-05	3.5187e+24	-23.1304	-3.25249	-12.1847	59126.4	66208	68633.8	255.322	271.488	282.452	269.754
6.6719e-05	3.48205e+24	-6.04064	-8.18974	3.52556	63042.8	63275.8	56683.2	277.796	260.428	246.462	261.562
6.68638e-05	3.53703e+24	-2.93426	2.49949	-1.53023	63779.7	73166.6	61831.2	271.363	305.643	261.644	279.55
6.70085e-05	3.33543e+24	-20.6472	6.72889	-5.42391	73481.3	72799.9	60716.9	300.913	307.227	231.198	279.779
6.71532e-05	3.54619e+24	-4.60362	1.81377	17.3663	61619.5	64185.9	62373.5	245.53	265.493	250.209	253.744
6.72979e-05	3.64698e+24	23.0019	-8.79193	20.1689	59073.5	69878.2	64452.4	249.099	295.579	270.316	271.665
6.74427e-05	3.48205e+24	26.3749	-4.03076	23.8551	68997.6	64937.4	65791.8	268.742	267.509	277.625	271.292
6.75874e-05	3.77527e+24	10.6223	10.5735	-10.3348	66390.5	65249.1	67779.9	285.569	282.843	304.759	291.057
6.77321e-05	3.46372e+24	-7.40419	6.43591	21.669	61589.4	60443.9	67744.3	262.76	258.043	283.56	268.121
6.78769e-05	3.33543e+24	24.6283	-8.48515	6.48283	59684.8	62650	65362.7	248.402	268.681	275.594	264.226
6.80216e-05	3.12468e+24	-11.2396	-21.7552	-11.5761	59067.8	64983.1	68719.1	252.139	269.992	293.503	271.878
6.81663e-05	3.32627e+24	-37.7694	-21.3599	-3.35947	67913	61042.5	64643.9	265.16	261.248	277.438	267.949
6.8311e-05	3.50954e+24	2.72632	-22.8118	-16.5696	65477.6	59351.1	64843.7	267.145	231.996	274.365	257.835
6.84558e-05	3.42707e+24	12.7144	-12.6387	4.11126	66299.9	67283	70886	281.053	291.156	297.956	290.055
6.86005e-05	3.62866e+24	42.4028	22.9022	7.04256	71197	64962.8	54377.9	281.545	275.008	220.644	259.066
6.87452e-05	3.592e+24	4.96585	-6.02384	8.04455	54457.3	62203	75567.8	236.74	267.673	333.738	279.383
6.88899e-05	3.62866e+24	-7.69367	11.5831	-11.9632	55595.8	64969.1	58019.5	231.427	285.241	252.073	256.247
6.90347e-05	3.61949e+24	-10.0084	-0.333831	27.4408	63339.5	66267.8	73417.7	268.126	288.376	314.354	290.285
6.91794e-05	3.82109e+24	-11.6658	-5.79878	-16.2443	56519.4	60543.2	58586	243.492	263.896	248.181	251.856
6.93241e-05	3.56452e+24	-1.05187	-14.4203	1.5618	54356.4	70201.7	62880.4	229.349	293.677	265.697	262.908
6.94689e-05	3.54619e+24	0.463551	0.864213	1.74529	65934.9	69172.6	60209.4	279.574	292.468	256.877	276.306
6.96136e-05	3.48205e+24	5.9405	36.4014	-20.2699	60985.2	65755.9	61310	252.074	283.1	257.538	264.237
6.97583e-05	3.61949e+24	18.7136	17.0479	10.4782	64771.9	55412.3	64726.9	265.048	237.616	281.168	261.277
6.9903e-05	3.37209e+24	4.79358	-12.471	-23.4509	65795.7	75420.1	61499.8	281.37	313.832	253.097	282.766
7.00478e-05	4.11431e+24	20.3973	14.9955	-7.10975	64007.9	66729.6	65046.3	273.037	276.162	278.687	275.962
7.01925e-05	3.53703e+24	-1.02368	3.8884	-5.8585	67098.6	59930.9	57547	285.908	254.905	239.821	260.211
7.03372e-05	3.22547e+24	5.41341	-5.34737	1.09007	55540.8	58636.7	55834.3	227.786	245.713	220.309	231.269
7.04819e-05	3.39958e+24	6.30388	-4.41202	-27.5156	58855.3	56080.8	59303.9	235.295	229.81	220.027	228.378
7.06267e-05	3.76611e+24	-10.883	11.2761	12.7038	67022.2	62379	62804.5	280.612	279.228	254.513	271.451
7.07714e-05	3.52786e+24	13.6167	24.291	-16.6851	62029.1	64544.4	63935.8	264.789	255.977	263.595	261.454
7.09161e-05	3.65615e+24	-10.3422	-9.11389	12.8189	62210.1	60053.1	54007.7	263.423	251.171	225.99	246.861
7.10608e-05	3.81192e+24	-5.53211	-7.15467	-27.8632	61860.5	60389.1	57180.8	263.434	270.623	237.347	257.135
7.12056e-05	3.68364e+24	7.67676	-16.2196	-29.7582	58028.5	62022.5	55279.3	239.809	270.944	227.133	245.962
7.13503e-05	3.53703e+24	32.4548	17.1909	19.1206	71071.3	69249.9	62547.7	235.042	259.173	237.453	243.89
7.1495e-05	3.45456e+24	17.6351	9.45666	-8.26029	69126.8	57784.1	60259.8	290.948	255.497	260.286	268.91
7.16398e-05	3.66531e+24	2.74015	20.3922	-5.20125	67111.4	63896.5	63507.6	288.216	276.238	268.862	277.772
7.17845e-05	3.56452e+24	-7.85622	6.73308	-2.18275	61856	60505.5	52239.9	255.985	262.066	235.426	251.159
7.19292e-05	3.54619e+24	20.3249	-13.1038	5.9864	57154.9	66533.6	71995.2	249.741	282.915	292.413	275.023
7.20739e-05	3.77527e+24	-26.0301	1.4469	-0.882262	59434.2	52942.5	71104.7	250.659	229.992	309.853	263.501
7.22187e-05	3.83025e+24	11.7115	-0.246665	-2.60798	58640.2	62618.5	63014.6	258.38	275.362	266.9	266.881
7.23634e-05	3.47288e+24	-17.8574	6.75398	-7.50496	58219.2	59244.6	65519.4	255.689	262.376	288.729	268.931
7.25081e-05	3.60117e+24	2.35157	4.17593	-17.1782	65501.7	53782.7	74342.6	264.828	230.159	312.255	269.08
7.26528e-05	3.64698e+24	0.345877	-30.1545	-13.4625	70982.8	58431.4	60344.4	314.2	245.694	260.382	273.425
7.27976e-05	3.67447e+24	-19.8799	4.59363	15.8749	67356.3	64482.8	61786.8	279.559	254.373	261.101	265.011
7.29423e-05	3.54619e+24	-15.7417	6.36874	12.3529	70046.5	59339	58180.6	291.929	254.524	255.086	267.18
7.3087e-05	3.75694e+24	-3.51204	-26.1131	12.0932	51806.6	66585.3	56814.6	219.624	265.782	249.352	244.919
7.32317e-05	3.4179e+24	-10.7072	9.7803	-8.19575	67385.2	68442.6	62222.5	273.43	291.101	267.072	277.201
7.33765e-05	3.54619e+24	-9.70176	4.49676	19.114	63266.5	60702.5	58328.9	264.513	264.098	254.19	260.933
7.35212e-05	3.31711e+24	2.7604	13.3311	8.99173	53345.4	54674.6	54982	232.254	231.089	240.199	234.514
7.36659e-05	3.84858e+24	4.10289	-3.6106	19.0894	65618.4	72369.2	63023	281.676	308.185	264.178	284.68
7.38107e-05	3.55535e+24	0.711015	-4.14265	-12.2858	55946.4	57757.7	55616.4	242.969	243.027	235.074	240.357
7.39554e-05	4.02268e+24	0.920573	18.1901	-14.8709	67777.7	58056	54493.6	292.097	253.522	241.809	262.476
7.41001e-05	3.62866e+24	-8.33476	1.06371	-7.63405	59510.5	57897.3	59420.6	252.555	238.577	260.951	250.695
7.42448e-05	3.90356e+24	11.8647	8.60183	-6.17702	78650.3	61333.5	53433.6	339.743	256.922	235.49	277.385
7.43896e-05	3.50037e+24	-10.5716	20.9674	-13.8982	55535.6	66037.4	55642.8	226.598	284.466	228.733	246.599
7.45343e-05	3.36292e+24	-14.0991	3.16315	-9.19846	66518.5	58371.8	59970.2	264.683	240.05	245.087	249.94
7.4679e-05	3.78443e+24	11.7852	-19.6897	9.8412	53033.8	63354.7	62927.7	233.058	261.353	268.457	254.29
7.48237e-05	3.56452e+24	4.37449	1.31132	5.15875	54244.8	53959.5	57804.7	238.523	223.984	246.588	236.365
7.49685e-05	3.68364e+24	3.43521	-19.4073	-11.0519	59302.2	54841.9	55573.6	257.773	236.915	238.034	244.241
7.51132e-05	3.6928e+24	6.75882	-7.16152	-9.61397	58294.5	52148.9	54556.5	264.769	213.805	221.984	233.519
7.52579e-05	3.87607e+24	16.4551	2.26024	-12.5359	63523.2	65004.1	50935.9	279.553	287.42	221.106	262.693
7.54026e-05	4.00435e+24	-25.5442	-1.65595	-23.9404	58421	64835.3	67483.5	242.904	290.176	301.995	278.358
7.55474e-05	4.17845e+24	-12.7823	10.9505	0.351827	50022.6	65821.2	58971.9	217.391	283.707	266.326	255.808
7.56921e-05	3.71113e+24	6.54041	19.347	-16.4006	59074.5	58087.2	56370.2	259.796	244.686	244.011	249.498
7.58368e-05	3.47288e+24	-20.0167	16.7211	-6.74296	53181.1	53539.7	60045.7	216.315	227.15	269.346	237.604
7.59816e-05	4.01352e+24	-2.28336	-9.34723	0.504617	58818.7	58933.6	53919.9	254.537	264.241	230.819	249.866
7.61263e-05	3.83941e+24	2.13304	-16.8509	-7.8911	55924.1	62736.5	70146.8	234.553	274.878	303.128	270.853
7.6271e-05	3.64698e+24	12.3662	4.11769	4.85333	55403.9	64546	59647.8	244.245	291.396	253	262.88
7.64157e-05	3.52786e+24	-11.846	-22.9992	-8.20065	50815.4	48711.9	46985.3	204.099	213.277	211.373	209.583
7.65605e-05	3.80276e+24	8.57004	-6.53107	5.55913	59269.4	61143.1	59363.9	246.932	249.884	248.502	248.439
7.67052e-05	3.57368e+24	-3.04948	-13.4703	-19.629	60105.7	55598.7	63851.3	257.25	238.072	268.156	254.493
7.68499e-05	3.6928e+24	20.9916	9.64009	-0.180161	61686.3	58417.7	50612.9	251.045	258.704	221.073	243.607
7.69946e-05	3.58284e+24	14.7174	-8.24479	-9.23002	57099.5	67389.4	46344.8	251.784	290.567	199.878	247.41
7.71394e-05	3.61033e+24	-11.9502	10.8101	7.93023	56908.3	51902.5	54676.2	239.685	221.817	223.664	228.389
7.72841e-05	3.39958e+24	16.0945	28.209	22.5223	55640.8	57765.7	67714.1	231.596	245.068	283.684	253.45
7.74288e-05	4.05017e+24	6.36402	-8.61954	-1.17419	59027.5	58230.7	50870.8	252.716	249.346	211.467	237.843
7.75736e-05	3.55535e+24	-6.37423	9.64937	-1.1921	59995.9	58216.2	59401.1	252.315	264.431	254.656	257.134
7.77183e-05	3.63782e+24	-16.1838	12.3471	27.8284	51210.1	63358.4	54688.4	225.626	266.825	223.835	238.762
7.7863e-05	3.88523e+24	23.5202	16.9812	16.8273	59630.1	56693.3	66864	255.972	244.277	270.496	256.915
7.80077e-05	3.82109e+24	-9.24269	-3.91864	8.97218	65439.1	58288.2	53052.4	283.162	257.077	233.923	258.054
7.81525e-05	3.55535e+24	-5.61834	25.8066	3.7018	52020.4	56658.1	66969.1	232.419	236.488	295.234	254.714
7.82972e-05	4.18762e+24	-10.6223	9.70006	-17.1457	76168.4	57210.1	58376.8	317.789	248.586	261.966	276.114
7.84419e-05	4.2426e+24	23.7952	-3.43617	11.2581	60576.5	55799.2	60209.2	244.751	242.832	259.967	249.183
7.85866e-05	4.1418e+24	-11.7605	-5.34001	-8.34657	57782.9	55888	60875.5	246.273	245.375	273.027	254.892
7.87314e-05	3.84858e+24	16.4461	-1.0703	-12.9653	55629.5	54968.3	65791.2	232.892	242.147	270.286	248.442
7.88761e-05	3.97686e+24	2.72435	11.9832	-17.3605	59642.6	59078.2	50376.4	261.853	250.242	211.412	241.169
7.90208e-05	3.4179e+24	-11.4581	-1.34342	1.84744	55583.9	55594.5	51637.5	236.558	228.879	213.088	226.175
7.91655e-05	4.19678e+24	-8.83197	-6.09246	-3.40983	58217.4	50021.4	49288.8	259.122	217.05	209.841	228.671
7.93103e-05	3.72945e+24	3.65519	17.4109	-2.58317	53435.3	58807.1	59821.1	229.216	237.52	250.097	238.944
7.9455e-05	4.20594e+24	7.22573	2.45154	2.01833	53359.5	59115.6	58227.1	237.512	263.012	246.864	249.129
7.95997e-05	3.81192e+24	8.17803	11.8397	-5.63765	56181.5	54282	66056.8	239.805	237.091	284.43	253.775
7.97445e-05	3.89439e+24	4.64737	16.6029	14.1884	60480.4	55627.1	55618.7	257.24	231.801	244.627	244.556
7.98892e-05	4.01352e+24	1.75546	-13.4054	-14.0729	51488.8	59109.6	56122.6	229.46	249.767	243.732	240.986
8.00339e-05	4.40754e+24	-8.11275	-31.0446	0.799497	55100.2	51331.9	55832	244.188	224.719	250.798	239.901
8.01786e-05	4.38921e+24	11.9294	12.8721	-15.6426	57346	53881.4	59349.6	246.355	226.202	254.646	242.401
8.03234e-05	3.99519e+24	-3.69961	-21.1205	-34.4231	63870.1	47253.5	58856.1	255.915	201.497	241.806	233.073
8.04681e-05	4.19678e+24	-17.1809	0.167247	18.6074	57407	57877.4	56504.1	243.369	257.559	251.055	250.661
8.06128e-05	3.89439e+24	-5.36246	0.314487	-12.3688	61654.6	56844	50395.4	253.267	241.604	218.092	237.654
8.07575e-05	3.85774e+24	-13.8512	2.81705	0.698859	61857.9	55914.4	48794.5	266.188	240.445	206.113	237.582
8.09023e-05	4.01352e+24	3.71929	12.6773	-8.92452	52535.8	59699.4	55971.3	219.102	255.771	223.424	232.766
8.1047e-05	3.92188e+24	11.1801	17.0077	3.77993	58984.5	61444.3	60788.7	249.807	273.133	253.801	258.913
8.11917e-05	4.15096e+24	0.985063	3.28384	16.2183	53297	51228.3	58935.9	235.626	217.218	248.765	233.869
8.13364e-05	4.26092e+24	-7.17051	-21.6058	-8.23337	57519.6	53102.7	62816.9	251.47	228.537	262.546	247.517
8.14812e-05	4.05017e+24	-14.4066	-14.3967	-22.3509	54856.2	60741.7	52033.1	233.726	260.64	211.632	235.333
8.16259e-05	4.29758e+24	-7.45532	-24.0443	-1.49049	52832.6	62217.5	50500.6	231.84	271.492	225.342	242.892
8.17706e-05	3.77527e+24	14.5056	-15.2057	-10.235	52598.7	54722.8	53230.1	241.419	237.813	220.199	233.144
8.19154e-05	4.02268e+24	11.9502	-10.6266	10.6382	61304.5	54980.8	59474.6	266.287	234.798	256.598	252.561
8.20601e-05	4.17845e+24	-9.66031	1.42512	-11.2279	48686.1	56179.2	50444.3	219.301	249.56	223.665	230.842
8.22048e-05	3.98603e+24	-16.1647	1.07685	-24.9322	54359.2	52321.5	58924.9	225.966	225.618	252.644	234.743
8.23495e-05	4.45335e+24	0.654065	-5.71686	-16.9451	52415.4	50676.8	54456.3	223.434	217.58	237.312	226.109
8.24943e-05	4.05017e+24	-16.1744	0.728558	5.42636	59124.5	64428.8	54593	259.225	262.395	245.093	255.571
8.2639e-05	3.87607e+24	9.80426	-8.23178	5.71903	52968	53120.4	52136.3	228.927	230.721	220.796	226.815
8.27837e-05	4.47168e+24	-6.28133	3.08396	5.56673	56280.4	49592.1	51822.8	251.156	206.582	237.929	231.889
8.29284e-05	4.16013e+24	-9.79615	-14.4273	-18.5919	49912.7	57514.3	57905.2	222.829	256.239	248.917	242.662
8.30732e-05	4.28841e+24	-0.148924	14.4376	4.40295	46825	55759.2	54151.2	207.925	246.311	240.702	231.646
8.32179e-05	4.00435e+24	7.82466	-1.71177	-1.45022	54870.2	51475.7	46787.6	243.39	221.631	206.986	224.002
8.33626e-05	4.10515e+24	-5.5866	0.954989	-2.41573	56820.1	56783	54027.6	242.456	244.913	224.822	237.397
8.35073e-05	4.26092e+24	-2.4101	-15.2743	-0.832266	56458.5	48858.7	53512	248.872	211.702	225.228	228.6
8.36521e-05	3.82109e+24	2.68752	0.631487	12.1902	54897.2	53224.4	59555.3	220.755	226.329	250.849	232.644
8.37968e-05	4.03184e+24	-12.7396	-4.35639	11.7654	51464.7	58321.4	58420.5	229.609	258.971	250.404	246.328
8.39415e-05	4.10515e+24	-16.3168	-6.40409	-1.24348	47230.6	50884.7	51063.8	201.527	227.315	230.82	219.887
8.40863e-05	4.07766e+24	-7.35816	-1.67602	-15.9822	52511.9	58961.7	55873.8	235.712	267.28	238.021	247.004
8.4231e-05	4.5175e+24	-2.60463	5.91237	10.9258	48737.8	55257.1	56117.4	217.901	244.734	233.478	232.038
8.43757e-05	3.9677e+24	-13.2983	23.7946	-20.2017	60007.4	55290.1	53408.7	258.8	234.465	229.389	240.884
8.45204e-05	4.46252e+24	5.95628	-32.7244	0.564887	55116.3	57384	53209.1	244.042	242.243	221.514	235.933
8.46652e-05	3.94937e+24	9.07585	-6.06272	-4.88013	51920.6	51470.2	55913.2	228.7	221.454	224.763	224.972
8.48099e-05	4.10515e+24	-20.8064	17.4249	-17.0374	46534	50603.1	53273.6	196.34	213.923	237.353	215.872
8.49546e-05	4.26092e+24	-9.84261	4.04281	2.16493	50376.9	56560.9	56477.5	207.245	236.591	241.239	228.358
8.50993e-05	4.18762e+24	-11.8585	-20.1807	-5.30538	55982	57273.7	56248.1	241.051	232.519	237.807	237.126
8.52441e-05	4.01352e+24	12.5056	-4.65342	9.61159	54719.9	53692.4	63398.3	232.623	239.383	269.864	247.29
8.53888e-05	4.03184e+24	-6.8415	8.23739	-15.2479	58156.6	54866	58396.4	256.857	228.765	247.597	244.406
8.55335e-05	4.16013e+24	-1.25209	-18.7858	2.0997	51823.9	59485.8	53401.8	214.697	253.693	235.502	234.631
8.56783e-05	4.26092e+24	2.69534	-0.799312	1.64825	54257	49448	53049.8	235.037	215.564	228.355	226.319
8.5823e-05	4.54499e+24	-18.3245	1.47536	2.98758	51724.2	49364.4	55230.1	217.07	223.41	253.149	231.21
8.59677e-05	3.99519e+24	-3.72462	1.9537	-16.5134	50712.8	50099	53588.7	215.425	217.443	231.201	221.356
8.61124e-05	4.23343e+24	4.30112	1.42653	8.74764	48406.5	54079.7	49103.3	214.239	238.031	209.192	220.487
8.62572e-05	4.25176e+24	18.2004	-13.2364	-1.80272	58970.1	56501.9	58515.4	256.486	249.211	252.381	252.692
8.64019e-05	4.23343e+24	20.8641	-14.277	-9.49789	54029	48180.4	55346.5	230.302	215.987	248.055	231.448
8.65466e-05	4.13264e+24	-5.48235	-3.84206	-11.2808	52714.7	56025.1	50383	218.404	244.557	226.092	229.684
8.66913e-05	4.47168e+24	-6.95432	8.11099	-23.1356	48559.9	46161	52632.6	215.019	201.671	226.276	214.322
8.68361e-05	4.39837e+24	19.8206	-4.73515	-6.84449	47244	52121	54209.4	208.597	231.748	226.593	222.313
8.69808e-05	4.48084e+24	1.71971	-21.1993	-7.72343	50008.5	51688.7	52577.6	212.248	227.507	235.52	225.092
8.71255e-05	4.15096e+24	-2.40917	21.2895	-6.53523	51416.7	56013.6	50192.5	212.878	253.234	215.725	227.279
8.72702e-05	4.26092e+24	-2.49667	26.9434	14.1755	50931.5	54814.1	54914.5	211.075	241.757	234.376	229.069
8.7415e-05	4.02268e+24	10.0399	-6.98735	8.23597	47173.7	51968.9	54349.4	206.62	224.614	230.886	220.707
8.75597e-05	4.2426e+24	6.10107	0.566849	11.1417	54280.7	51508.1	49215.5	236.232	224.443	215.96	225.545
8.77044e-05	4.30674e+24	-2.41591	23.1613	0.344968	53132.4	57075.8	54416.8	233.892	249.55	245.731	243.058
8.78492e-05	4.44419e+24	1.41153	-22.5019	-16.3036	54309.8	52116.3	60308	244.414	226.623	265.353	245.463
8.79939e-05	4.52666e+24	-3.76928	0.681782	3.97502	50510.7	52350.9	48473.8	219.5	232.774	207.202	219.825
8.81386e-05	4.58164e+24	29.3096	15.815	7.19194	49619.1	42910.1	50255.2	203.282	181.848	227.057	204.062
8.82833e-05	4.38921e+24	6.99226	1.59569	-9.85094	49839.7	58626.5	50928.1	219.292	257.165	217.385	231.28
8.84281e-05	4.64578e+24	-9.69369	10.8617	-0.201785	46917.1	45996.8	45710.3	198.481	203.235	198.905	200.207
8.85728e-05	4.15096e+24	12.1181	-2.12707	-17.3373	49462	47916.1	49436.6	201.045	210.908	220.704	210.886
8.87175e-05	4.15096e+24	4.82557	1.78882	-14.241	53557.7	55907.6	46329.2	243.103	236.997	205.578	228.559
8.88622e-05	4.10515e+24	-11.4055	2.22717	20.0777	48607.4	53223.3	51588.4	217.222	241.415	225.855	228.164
8.9007e-05	4.39837e+24	-0.509633	-5.46314	0.180482	54686.7	50493.5	56765.2	247.938	225.303	255.823	243.021
8.91517e-05	4.49917e+24	-3.56232	-1.13802	25.8917	53145.4	49107.1	52128.1	236.417	222.466	224.581	227.821
8.92964e-05	4.59997e+24	-8.13992	-13.0304	-7.03596	56372.9	49389.6	55086.9	240.84	217.368	246.073	234.76
8.94411e-05	4.57248e+24	-0.0989205	-4.60814	-10.0064	50785.7	47939	45096.7	225.802	215.468	204.452	215.241
8.95859e-05	4.5908e+24	4.72621	3.61494	6.75257	44719.5	53746.5	43095.4	197.968	228.207	187.27	204.482
8.97306e-05	4.39837e+24	1.20139	5.90307	11.1281	56335.3	46754	50158	244.926	205.39	218.663	222.993
8.98753e-05	4.5908e+24	-18.5731	9.43555	-3.35166	51427.9	53110.2	49263.6	221.91	222.098	218.831	220.946
9.00201e-05	4.32507e+24	3.97039	-4.68831	10.9581	54498.1	54224	47399.8	223.921	235.163	211.669	223.584
9.01648e-05	4.37088e+24	14.7673	6.14031	-6.4357	53200.8	44025.1	50544.4	219.427	194.053	216.431	209.97
9.03095e-05	4.50833e+24	-3.69247	-0.161922	7.45891	54978.3	45878.5	44157	237.821	204.576	196.62	213.006
9.04542e-05	4.66411e+24	4.11784	22.8067	1.1364	53122	49157.4	49457.3	233.48	213.531	219.285	222.099
9.0599e-05	4.44419e+24	-1.75576	-3.78189	-7.50223	55705	48175	54122.5	235.249	211.083	234.62	226.984
9.07437e-05	4.77407e+24	-4.49478	-8.71573	-1.26302	47465.4	47378	45814.6	211.594	209.101	208.735	209.81
9.08884e-05	4.53582e+24	-12.9783	-3.10582	-0.998723	48752.1	50346.2	46141.7	218.901	221.736	204.415	215.017
9.10331e-05	4.4167e+24	1.95867	9.58585	-5.88014	51384.7	55578.7	47985.2	226.542	239.081	217.323	227.649
9.11779e-05	4.57248e+24	-7.74188	-6.71382	2.2692	46955.9	51557.3	51349.3	205.267	220.345	222.663	216.092
9.13226e-05	4.52666e+24	0.862348	-6.91177	16.6012	52141.4	54800.7	45519.3	215.283	248.844	195.488	219.872
9.14673e-05	4.38921e+24	-3.01797	17.0863	-21.5674	44958.8	50818.1	49228.3	187.305	216.91	211.603	205.272
9.1612e-05	4.55415e+24	-5.69481	-9.60603	-18.4577	47953.3	49323.1	47120.7	213.123	211.498	187.964	204.195
9.17568e-05	4.42586e+24	26.4894	-0.442373	16.9177	46724.4	50433.9	51867.5	200.702	223.229	232.443	218.791
9.19015e-05	4.5175e+24	-20.4661	11.871	8.01249	48152.6	49737.7	48503.7	210.533	214.601	203.251	209.461
9.20462e-05	4.8657e+24	10.5116	9.37019	9.47743	46737.9	50721.2	44590	208.502	229.093	200.093	212.562
9.2191e-05	4.66411e+24	-1.48175	10.2481	1.1055	41690.2	46215.6	46499.2	181.599	195.472	207.908	194.993
9.23357e-05	4.80156e+24	-10.3774	4.65959	8.41547	43877	44761.5	47060.2	195.844	200.112	213.206	203.054
9.24804e-05	4.71909e+24	-17.233	-4.90563	3.71873	43430	42768.6	52772.1	185.669	190.792	232.031	202.831
9.26251e-05	4.89319e+24	6.23883	-4.45819	-3.12277	51171.1	47640.6	43332.8	227.411	219.697	199.693	215.6
9.27699e-05	4.65495e+24	-16.2086	0.717018	-11.1287	43504.2	50584.7	44602.5	184.205	228.419	191.298	201.307
9.29146e-05	4.67327e+24	3.12318	3.20084	6.38824	46371.2	43845.3	52801	205.905	192.046	228.55	208.834
9.30593e-05	4.43503e+24	-11.6521	-4.6704	0.188581	53660.2	39874.2	45776.5	232.521	175.155	201.483	203.053
9.3204e-05	4.89319e+24	8.11245	3.42564	7.42267	45385.9	47117.3	49299.1	191.881	203.829	221.388	205.699
9.33488e-05	4.63662e+24	-3.69295	5.37731	9.46198	54980.9	45649	52301.6	250.795	197.343	231.224	226.454
9.34935e-05	4.23343e+24	-12.2355	-20.5109	-9.88612	49312.7	50218.5	49090.2	218.082	219.372	216.454	217.97
9.36382e-05	4.94817e+24	-13.5024	12.3829	-14.4631	48251.2	49967.2	50838.8	210.624	212.923	219.251	214.266
9.37829e-05	4.70992e+24	10.0306	-8.04048	-17.0559	45106.4	43827.7	48079.9	196.625	197.807	209.098	201.177
9.39277e-05	4.75574e+24	-8.2838	3.47835	-6.78555	48657	43889.6	40561.9	209.974	195.408	183.535	196.305
9.40724e-05	4.92984e+24	-10.3978	13.7701	-16.9993	39416.8	41307.5	40475.6	175.52	181.325	178.764	178.536
9.42171e-05	4.12348e+24	9.21911	-0.567576	-12.7867	44910.5	52822.7	45314.9	201.382	233.754	193.463	209.533
9.43619e-05	4.81988e+24	10.5709	1.26132	0.714608	43892	45771.5	46498.5	196.959	204.403	202.678	201.347
9.45066e-05	4.78323e+24	-32.6084	13.1662	-2.6939	45531.2	45377.2	44984.5	197.849	202.925	185.246	195.34
9.46513e-05	4.81072e+24	-11.6563	-40.5933	-6.75241	40085.4	48950.4	47707	176.947	196.892	209.748	194.529
9.4796e-05	4.78323e+24	-4.21188	-6.64694	0.162817	45522.9	47488.2	48850.6	197.651	210.266	210.888	206.268
9.49408e-05	4.62746e+24	0.594177	14.2562	6.07678	40084.5	42165.6	47675.1	179.765	181.092	203.972	188.277
9.50855e-05	5.23223e+24	12.8439	-7.57734	6.25072	42748.7	43520	49357	191.612	196.99	215.255	201.286
9.52302e-05	4.84737e+24	-14.7906	11.1837	-12.3373	42104	40857.7	48844.2	186.697	177.882	207.35	190.643
9.53749e-05	5.15893e+24	3.10122	-9.14203	-11.2883	45505.3	46228.7	47949.2	202.658	203.003	216.736	207.466
9.55197e-05	4.8657e+24	-1.5646	-10.2846	-3.61929	42650.7	46059.1	41878.5	192.939	203.545	186.192	194.225
9.56644e-05	4.8657e+24	18.8546	7.01453	1.10941	52565.8	45622.7	42901.5	207.306	199.351	190.095	198.917
9.58091e-05	4.99399e+24	5.46579	-12.6289	-8.88519	39349.6	48753.5	46264.1	177.499	216.49	188.639	194.209
9.59539e-05	4.7649e+24	20.1637	4.36606	12.4778	47595.1	45184	47391.3	202.289	193.138	203.355	199.594
9.60986e-05	5.25056e+24	-13.4931	18.2984	7.30603	45806	43673	46008.4	198.914	185.557	207.446	197.306
9.62433e-05	5.17725e+24	-1.95959	3.95221	-9.94191	43569.5	46471.1	44753.1	194.249	213.909	195.847	201.335
9.6388e-05	4.85654e+24	-8.52234	-1.83449	-6.0452	42772.2	45668.7	41623.9	182.477	202.77	181.178	188.809
9.65328e-05	5.0398e+24	21.8918	-13.7138	-12.6154	46586.7	45826	41418.6	202.571	203.034	188.266	197.957
9.66775e-05	5.30554e+24	-11.3113	9.38537	-0.98549	41564.9	46960.8	46360.5	177.38	207.407	204.3	196.362
9.68222e-05	4.81072e+24	1.43391	10.0824	4.26583	40307.4	40890.6	41402	178.053	181.282	180.781	180.039
9.69669e-05	4.53582e+24	-12.9417	-17.5717	5.83646	44209.8	52882.5	47382.3	188.197	196.322	201.646	195.388
9.71117e-05	5.32386e+24	-24.0907	6.00123	13.7671	42413	43796	47484.8	192.843	200.115	210.282	201.08
9.72564e-05	4.81988e+24	6.1479	4.292	-2.08287	43421.9	38456.5	41027.7	197.523	173.543	182.718	184.595
9.74011e-05	5.1406e+24	7.08514	-21.2249	8.57264	40540.8	42015.8	46819.8	181.289	181.274	215.553	192.706
9.75458e-05	4.98482e+24	-7.35072	-8.03447	0.468802	44380.4	39508.4	45992.4	196.456	172.875	202.133	190.488
9.76906e-05	5.08562e+24	-12.6588	-10.8004	-0.479449	47831.1	50762	46460.5	214.772	226.213	199.344	213.443
9.78353e-05	5.10395e+24	-5.48433	1.9442	-6.49264	51914	38514.4	49204.9	226.784	171.456	217.311	205.184
9.798e-05	5.47964e+24	-9.69775	9.04407	8.19302	44949.8	45619.4	43004.9	205.727	188.801	199.286	197.938
9.81248e-05	4.84737e+24	7.73538	8.18279	0.00320326	45910.8	44418	39614.5	211.2	191.264	174.883	192.449
9.82695e-05	4.98482e+24	7.4587	2.21319	17.9587	42636.5	43485.1	41392.6	184.807	190.148	183.314	186.09
9.84142e-05	4.98482e+24	-1.33019	-7.34072	2.93384	38331.2	45127	40836.9	170.992	199.257	186.118	185.456
9.85589e-05	5.47048e+24	14.1417	-21.4607	10.8109	43272.6	45869.1	42319	190.929	191.82	191.323	191.358
9.87037e-05	5.50713e+24	-9.71243	0.467248	-2.94864	41702.9	42472.4	44497.2	189.807	193.273	199.885	194.322
9.88484e-05	4.78323e+24	-11.3138	-3.03684	3.51143	47135.5	41043.2	40289.9	201.784	179.344	181.47	187.533
9.89931e-05	5.29637e+24	-18.1777	9.76863	-0.580587	40331.9	39354.3	41792.1	179.458	171.181	181.158	177.266
9.91378e-05	5.0398e+24	-11.2096	20.2941	-11.8695	41331.2	39700.7	43185.6	182.411	174.769	192.855	183.345
9.92826e-05	5.36968e+24	-12.2188	12.4201	-14.9344	40369.1	40327.2	42127	177.853	179.713	190.639	182.735
9.94273e-05	5.13144e+24	0.0212584	-12.9176	-12.8817	48321.7	41237.5	41974.3	212.813	181.293	184.187	192.764
9.9572e-05	5.07646e+24	-9.64564	-18.1953	16.1533	42119.2	43590.2	38059.6	190.457	189.702	158.18	179.446
9.97167e-05	1.01804e+25	-1.95834	-4.53722	10.7215	41873.5	43286.5	37666.9	191.782	200.395	174.947	189.041
